[SHORT TFBS MATRIX]
MA0004.1	37654	0.826835618733061	0.0749680721970965
MA0006.1	37654	0.880868145153578	0.0717097349001575
MA0019.1	37654	0.795873744250492	0.0470756550844164
MA0029.1	37654	0.708417694890987	0.0646210930666041
MA0030.1	37654	0.733191130153833	0.0693913898284438
MA0031.1	37654	0.787657538480651	0.0790752191638214
MA0040.1	37654	0.757623516725028	0.0775405299103095
MA0051.1	37654	0.720678187897574	0.0525258919004616
MA0059.1	37654	0.770058573322614	0.0531259833617485
MA0066.1	37654	0.717457820814901	0.036916562351033
MA0069.1	37654	0.741039229255788	0.0426822679685348
MA0070.1	37654	0.749570484906399	0.0600737933731702
MA0071.1	37654	0.784532460708757	0.0609291624223487
MA0072.1	37654	0.726927165589333	0.0594101084904712
MA0073.1	37654	0.769607655735672	0.0508715060903694
MA0074.1	37654	0.728530261704412	0.0423735497995793
MA0077.1	37654	0.808649746181471	0.0619370498868094
MA0084.1	37654	0.828451259548123	0.0765462048681274
MA0091.1	37654	0.781262515040878	0.0526619417717424
MA0092.1	37654	0.85389720126458	0.0443064251571391
MA0101.1	37654	0.840122488879248	0.0511975029914923
MA0107.1	37654	0.792755709645025	0.0590814291405637
MA0108.2	37654	0.780420934257023	0.0706603120500055
MA0111.1	37654	0.845731476442743	0.0343688112642441
MA0115.1	37654	0.643793276097251	0.0482908482119416
MA0116.1	37654	0.801737973025319	0.0467573099058261
MA0119.1	37654	0.709974886795512	0.0528256515266817
MA0125.1	37654	0.812587860324771	0.0747904284052637
MA0130.1	37654	0.934022002122494	0.0519934506022169
MA0135.1	37654	0.72538412922114	0.0829601645074599
MA0139.1	37654	0.761175954044828	0.0462766702267365
MA0142.1	37654	0.709136996312337	0.0653009368515835
MA0149.1	37654	0.659965687062308	0.0576704950070751
MA0138.2	37654	0.669362547767851	0.0407680335174617
MA0002.2	37654	0.824226330170492	0.0487576360484965
MA0065.2	37654	0.788857166783675	0.0409122185613201
MA0151.1	37654	0.828778699204232	0.102151398179445
MA0155.1	37654	0.836326590284374	0.045389566039131
MA0159.1	37654	0.776777241886223	0.0360057496472087
MA0163.1	37654	0.778600238147393	0.0549545364763026
MA0164.1	37654	0.782314562548401	0.0806857605696753
MA0259.1	37654	0.862648801050822	0.0646086696469377
MA0145.2	37654	0.816038994310885	0.0440861730318
MA0146.2	37654	0.830208095067849	0.069354656947283
MA0468.1	37654	0.757773195296748	0.0717413651193274
MA0476.1	37654	0.780885556366042	0.0676087766883161
MA0478.1	37654	0.787470643524744	0.0602173791789731
MA0479.1	37654	0.780130899341518	0.0650971744674457
MA0483.1	37654	0.802610433804873	0.0576138061853092
MA0488.1	37654	0.762529434490973	0.0620110730349651
MA0492.1	37654	0.763169117960042	0.06065007104083
MA0494.1	37654	0.768676485543369	0.0373925358677519
MA0497.1	37654	0.755229846939657	0.0725662150791073
MA0501.1	37654	0.715651451149551	0.0522841614280114
MA0504.1	37654	0.803949732469582	0.0409963779914284
MA0515.1	37654	0.82554202901915	0.0622402714396701
MA0517.1	37654	0.74293787767027	0.063685204030642
MA0518.1	37654	0.800077565215152	0.0561777444398425
MA0519.1	37654	0.811436766081642	0.0587999815880796
MA0520.1	37654	0.770627507181287	0.0621687199001575
MA0523.1	37654	0.77808115413186	0.0579737938183619
MA0527.1	37654	0.75344677862997	0.0576560969497444
MA0076.2	37654	0.831512573585935	0.0617144526196361
MA0258.2	37654	0.775529428223117	0.0438267047980843
MA0150.2	37654	0.719079558802743	0.0499765609556253
MA0137.3	37654	0.789392273357302	0.0618362970476891
MA0144.2	37654	0.824019371400359	0.0575253890425341
MA0140.2	37654	0.728250249470406	0.0563658643931879
MA0591.1	37654	0.742455307891356	0.0463418154505565
MA0593.1	37654	0.776851482656069	0.0794719767881515
MA0595.1	37654	0.82452015734569	0.0500817501128773
MA0596.1	37654	0.80401021991279	0.0519791889980208
MA0599.1	37654	0.908101697061209	0.0715202528591013
MA0601.1	37654	0.725669348727138	0.110049580326592
MA0602.1	37654	0.728160564643414	0.083273607474346
MA0603.1	37654	0.787000973121546	0.0645574565580414
MA0604.1	37654	0.81284191454322	0.0621245549206581
MA0608.1	37654	0.802862816352946	0.0587349126574598
MA0610.1	37654	0.745528721180992	0.0669286823444611
MA0613.1	37654	0.773702537165582	0.0891721477323109
MA0614.1	37654	0.804441914807715	0.0820752247467168
MA0615.1	37654	0.797709273839837	0.0479525139763714
MA0618.1	37654	0.802922179914296	0.0720612391291627
MA0619.1	37654	0.788258996484736	0.0970156025473817
MA0621.1	37654	0.696893254008896	0.105739739492001
MA0622.1	37654	0.784271975984655	0.0809877766781103
MA0626.1	37654	0.805196282317648	0.0635379055061348
MA0628.1	37654	0.71430000009364	0.0896130947647766
MA0629.1	37654	0.763473249820985	0.0494915767693392
MA0630.1	37654	0.803890998443926	0.091366238398966
MA0631.1	37654	0.694769286483314	0.0515485060984781
MA0634.1	37654	0.78617664499869	0.0784897619839952
MA0007.3	37654	0.696743340665066	0.0462202278931086
MA0635.1	37654	0.822205758993234	0.0660663126944682
MA0636.1	37654	0.747195112953088	0.0612303710809682
MA0638.1	37654	0.736628933659355	0.0501204713609358
MA0639.1	37654	0.745160974678166	0.0675527199669789
MA0641.1	37654	0.756207087268603	0.058715026360806
MA0027.2	37654	0.821385675178378	0.0793921187547398
MA0643.1	37654	0.783256476166855	0.0540995018449418
MA0645.1	37654	0.827777683973653	0.0606718813729102
MA0475.2	37654	0.805904245602087	0.0599911089216558
MA0042.2	37654	0.802816802348976	0.0795505452217513
MA0033.2	37654	0.836299584602671	0.0778040752948731
MA0646.1	37654	0.78232588925942	0.045617026280801
MA0647.1	37654	0.711000949617269	0.0595956989597679
MA0648.1	37654	0.789727236064734	0.0662626815001089
MA0649.1	37654	0.788943383786178	0.0598135113960813
MA0131.2	37654	0.801233156907824	0.0602762003967496
MA0046.2	37654	0.68299262125541	0.0785810135300738
MA0153.2	37654	0.674978256347925	0.0779058718273097
MA0486.2	37654	0.701915397339669	0.0586268214288889
MA0652.1	37654	0.684910404724408	0.0531751884418987
MA0653.1	37654	0.65634881624919	0.0544808816684376
MA0654.1	37654	0.788718134246272	0.0908718899216171
MA0655.1	37654	0.729721656069484	0.0699714007616699
MA0656.1	37654	0.707562364654817	0.0683522656045818
MA0657.1	37654	0.720082017351067	0.0479358733970498
MA0658.1	37654	0.767068617322332	0.0697472606466187
MA0660.1	37654	0.696506916271605	0.0795674536060971
MA0661.1	37654	0.795285517268878	0.0685547420756894
MA0662.1	37654	0.812109038873245	0.0785770868362618
MA0663.1	37654	0.742691374850886	0.0596054842778833
MA0664.1	37654	0.762426160309395	0.0618561167003506
MA0665.1	37654	0.778819809561919	0.0519448373098053
MA0667.1	37654	0.756381445757162	0.0572043862972214
MA0669.1	37654	0.759694199258632	0.0535264080376018
MA0670.1	37654	0.805679155152774	0.072413774349155
MA0671.1	37654	0.905837776727805	0.0453805935745916
MA0048.2	37654	0.802085531128338	0.0611411112295118
MA0672.1	37654	0.831069339338768	0.050617037184941
MA0673.1	37654	0.866467191771654	0.0444511938028534
MA0674.1	37654	0.817676056626233	0.0751616119027905
MA0675.1	37654	0.81935782573948	0.0851099875010177
MA0676.1	37654	0.79454215639173	0.065409842863091
MA0677.1	37654	0.71613064051227	0.0464942876998961
MA0678.1	37654	0.758292141136735	0.0552198327728014
MA0068.2	37654	0.765650692327022	0.0801648179611903
MA0683.1	37654	0.638411966484535	0.0751657137244331
MA0512.2	37654	0.693012402207111	0.0487462757053457
MA0686.1	37654	0.778562586668003	0.0525296573910627
MA0687.1	37654	0.774656045489836	0.0511246581926981
MA0083.3	37654	0.650588575026179	0.0537737810905049
MA0009.2	37654	0.671360206213153	0.0453423581081674
MA0688.1	37654	0.787183084513056	0.0494149042108773
MA0689.1	37654	0.766543939496218	0.0527426608896836
MA0691.1	37654	0.760821112236043	0.0628770957204008
MA0692.1	37654	0.792691863476987	0.0587559452688121
MA0694.1	37654	0.771310197191917	0.0513437345576659
MA0695.1	37654	0.79853811437861	0.0489595429402246
MA0696.1	37654	0.75568482203203	0.0519448940554309
MA0698.1	37654	0.760466775462653	0.0533388216476578
MA0699.1	37654	0.806071185812431	0.0706121104877407
MA0704.1	37654	0.805237472056331	0.0795734943889045
MA0705.1	37654	0.824959839707934	0.0715033418810707
MA0706.1	37654	0.799459984025459	0.0713648527692411
MA0709.1	37654	0.793899209764934	0.0887958161954576
MA0710.1	37654	0.803626759281467	0.0754134229375926
MA0124.2	37654	0.795046518508925	0.0591382600545487
MA0711.1	37654	0.817048249179018	0.0639169393446284
MA0132.2	37654	0.808868945672499	0.0866871754954566
MA0713.1	37654	0.720534948651032	0.0852123902508626
MA0714.1	37654	0.811233292308952	0.0646121858881849
MA0715.1	37654	0.683533649825362	0.0949160283449627
MA0716.1	37654	0.79633975616929	0.0917633930496547
MA0717.1	37654	0.8115000976772	0.082548753257061
MA0718.1	37654	0.786413650380937	0.0855277150360926
MA0719.1	37654	0.915770365755103	0.0491055882515198
MA0720.1	37654	0.798975730532525	0.0903530452923346
MA0721.1	37654	0.805336794602231	0.0854481434231048
MA0722.1	37654	0.812255025589114	0.0754913285476028
MA0724.1	37654	0.776760634610396	0.0730340425305009
MA0725.1	37654	0.782597017164681	0.088876300329
MA0726.1	37654	0.767153766183069	0.0887771477505962
MA0112.3	37654	0.688473379876846	0.045430141428843
MA0141.3	37654	0.733854357059048	0.0592562913858605
MA0017.2	37654	0.774760073021417	0.0554822491244561
MA0113.3	37654	0.692493008397012	0.050639973730074
MA0727.1	37654	0.689247986312234	0.0505991494852043
MA0728.1	37654	0.6810913457493	0.0471903680100393
MA0729.1	37654	0.664179191517968	0.0443804755232181
MA0730.1	37654	0.684824515482161	0.0434446762467433
MA0731.1	37654	0.636443776597979	0.0483233539871277
MA0472.2	37654	0.789708303375047	0.0601026447091056
MA0732.1	37654	0.761476253041335	0.0685117722244523
MA0733.1	37654	0.762046944984761	0.0560163892471992
MA0735.1	37654	0.680904487797278	0.0469380727092779
MA0736.1	37654	0.769892269301156	0.0494688684292102
MA0737.1	37654	0.721473824351524	0.0432098170185003
MA0738.1	37654	0.878326398288182	0.0477319335009483
MA0739.1	37654	0.837213393210827	0.0476607899902896
MA0741.1	37654	0.850552720626142	0.0752880747770145
MA0747.1	37654	0.852072304614078	0.0592698227794894
MA0749.1	37654	0.674228338829284	0.0473671120839152
MA0751.1	37654	0.788689973514634	0.0485841599022771
MA0088.2	37654	0.72128451838279	0.0454980273104902
MA0752.1	37654	0.646614626879733	0.0511210992252617
MA0755.1	37654	0.714486823704109	0.074422727786202
MA0757.1	37654	0.670097857401066	0.0831390432245901
MA0758.1	37654	0.659235983400874	0.052198168755884
MA0760.1	37654	0.80955868161296	0.0559013409941536
MA0098.3	37654	0.82344665749115	0.0582599541271977
MA0762.1	37654	0.779524000578181	0.0566444862475751
MA0763.1	37654	0.814545738304712	0.0536409790701825
MA0767.1	37654	0.812249575499832	0.0466113250525686
MA0770.1	37654	0.715815976476939	0.057482521752303
MA0771.1	37654	0.751010029163372	0.0508882216695361
MA0772.1	37654	0.720030046758324	0.0643055038535073
MA0773.1	37654	0.703311228554578	0.0835213064133792
MA0498.2	37654	0.890389312728956	0.0626654183617075
MA0774.1	37654	0.825924587105141	0.064072176176008
MA0775.1	37654	0.854543790131268	0.0574439866533569
MA0776.1	37654	0.7135748181238	0.0487365851186883
MA0777.1	37654	0.684444072151357	0.0454664970289291
MA0105.4	37654	0.690878521055148	0.0570695147799976
MA0778.1	37654	0.72442761349978	0.0587751930723071
MA0779.1	37654	0.729529217422391	0.0366205483876877
MA0780.1	37654	0.675255431699864	0.0873277344377642
MA0781.1	37654	0.701885026333786	0.038975418334877
MA0783.1	37654	0.689899744740256	0.055022544565554
MA0785.1	37654	0.732131389412542	0.0788867590254481
MA0786.1	37654	0.725025567915538	0.0847865897912798
MA0787.1	37654	0.717240126004811	0.0820928978357246
MA0788.1	37654	0.710807986725242	0.0827225653266948
MA0789.1	37654	0.737323880782663	0.0848532495094564
MA0790.1	37654	0.674080370683753	0.0869417186898773
MA0791.1	37654	0.655924040675446	0.0841935756855538
MA0792.1	37654	0.763699876073479	0.0811058141147979
MA0793.1	37654	0.753445784569687	0.0744716298355261
MA0794.1	37654	0.730336393027501	0.0472638859861798
MA0600.2	37654	0.689389474136713	0.0550330635669344
MA0795.1	37654	0.720352412677839	0.0530861458048704
MA0796.1	37654	0.662538872016013	0.0586479783346678
MA0797.1	37654	0.69921127465791	0.0539134031039321
MA0510.2	37654	0.68462202756205	0.0543656513655752
MA0511.2	37654	0.801512422850363	0.0522729756740991
MA0800.1	37654	0.752046202730544	0.0513833655480264
MA0801.1	37654	0.82344446251959	0.0534423180735215
MA0802.1	37654	0.766820702939809	0.0542291631459417
MA0803.1	37654	0.8000237675331	0.0571331811654886
MA0804.1	37654	0.654047825503898	0.0444913144287403
MA0805.1	37654	0.795571374616325	0.059701798170365
MA0806.1	37654	0.829541485871823	0.0520106108966636
MA0807.1	37654	0.841159821066745	0.0498168456871569
MA0808.1	37654	0.832796978351058	0.0604248943048484
MA0810.1	37654	0.854042164249579	0.0563958118367715
MA0811.1	37654	0.837079574017488	0.0536980518604269
MA0812.1	37654	0.829666508775046	0.0604327115487884
MA0813.1	37654	0.792993687031323	0.0623784289542157
MA0524.2	37654	0.833080869222605	0.053258705295418
MA0815.1	37654	0.786402354145972	0.0654741847695321
MA0816.1	37654	0.808822990236816	0.0582216556921847
MA0461.2	37654	0.79095055066698	0.0529734420019133
MA0464.2	37654	0.779719158866642	0.0648218558800794
MA0817.1	37654	0.722959891744369	0.0592877949327448
MA0820.1	37654	0.831982332092696	0.054093452580566
MA0822.1	37654	0.705541495595201	0.0575930054286333
MA0823.1	37654	0.7785091450858	0.0678030653485144
MA0058.3	37654	0.789757802205952	0.06735095988536
MA0825.1	37654	0.80181549528595	0.0643543187289175
MA0826.1	37654	0.737041638225687	0.0587074011805647
MA0827.1	37654	0.787584732108093	0.0500724866844206
MA0832.1	37654	0.707683712834413	0.0540592832806379
MA0834.1	37654	0.697111247313005	0.0670500967228833
MA0838.1	37654	0.743521358516166	0.0555226620349947
MA0839.1	37654	0.714601111466018	0.0471883118355602
MA0840.1	37654	0.723571486430292	0.0702646449917279
MA0117.2	37654	0.782397678264534	0.0535196957000698
MA0841.1	37654	0.720017757904424	0.0618668314617207
MA0843.1	37654	0.734292956077061	0.0647436472878859
MA0844.1	37654	0.73007819612433	0.0476602591109744
MA0845.1	37654	0.747756865399155	0.0792810210598015
MA0032.2	37654	0.776388243006064	0.0797778015366854
MA0846.1	37654	0.769136889677555	0.0799699416783986
MA0848.1	37654	0.824571616810125	0.0762077147652146
MA0849.1	37654	0.807619739293419	0.0784198798808099
MA0850.1	37654	0.873391516169808	0.0584137964629435
MA0851.1	37654	0.732431530084535	0.0763771135463285
MA0853.1	37654	0.701521336576838	0.0649472477566017
MA0854.1	37654	0.701075706241692	0.0692108476843561
MA0855.1	37654	0.689658564378613	0.04891355137675
MA0856.1	37654	0.699917995018543	0.048391940181579
MA0857.1	37654	0.649957086744372	0.0497323147858251
MA0858.1	37654	0.672139695663459	0.046666113394893
MA0859.1	37654	0.669943519565223	0.0486264803221312
MA0860.1	37654	0.665517424054557	0.0456714520206122
MA0525.2	37654	0.670144787159153	0.0433613110030138
MA0106.3	37654	0.683054480570421	0.0412869205390825
MA0861.1	37654	0.717431731213879	0.0422126030073145
MA0862.1	37654	0.78420092510996	0.0579563111048406
MA0863.1	37654	0.706424322417963	0.0425503029800288
MA0024.3	37654	0.747595426640456	0.0499666336353888
MA0866.1	37654	0.652659302084054	0.0625966611797925
MA0870.1	37654	0.654516113718175	0.0621994257566905
MA0872.1	37654	0.780694953487294	0.0669835057782022
MA0028.2	37654	0.782347542477421	0.0656274366631342
MA0873.1	37654	0.746193027326741	0.0592078741852583
MA0874.1	37654	0.693212505689649	0.0651107714278792
MA0875.1	37654	0.830375777577497	0.0799134065064089
MA0876.1	37654	0.840048774321566	0.076168519419401
MA0880.1	37654	0.821516271379686	0.0821689584475469
MA0881.1	37654	0.825259130296981	0.0787158440091211
MA0882.1	37654	0.821642950279712	0.0810233059180761
MA0883.1	37654	0.749008252701045	0.0548055559541998
MA0886.1	37654	0.776968909375631	0.0781109093472381
MA0887.1	37654	0.813661019187459	0.0666368276262096
MA0888.1	37654	0.810560921918532	0.0673104950045946
MA0889.1	37654	0.773812190993429	0.075425936871589
MA0890.1	37654	0.783815175463491	0.0815163586199982
MA0891.1	37654	0.811529511976694	0.0586397554237252
MA0892.1	37654	0.826583721250634	0.0649017847930794
MA0894.1	37654	0.776681211113013	0.0851109299904521
MA0895.1	37654	0.796046633121225	0.059486789654491
MA0896.1	37654	0.723795799276285	0.0547380018963953
MA0897.1	37654	0.698401719399918	0.059520807723175
MA0898.1	37654	0.695776755264297	0.0600607659269639
MA0899.1	37654	0.773094648920673	0.0815924705286759
MA0903.1	37654	0.824520492106375	0.0749710766608315
MA0905.1	37654	0.783945807830106	0.071073892406172
MA0906.1	37654	0.735872313637198	0.0625271390741913
MA0907.1	37654	0.735078980303126	0.066757577682453
MA0908.1	37654	0.766982564166848	0.0717394888836563
MA0911.1	37654	0.759722386307857	0.060581572184409
MA0914.1	37654	0.827673737478495	0.0608798056477561
MA0852.2	37654	0.751077719588347	0.0675816435374658
MA0036.3	37654	0.77225515266285	0.0749891599277972
MA1106.1	37654	0.804864836017763	0.0654903493146279
MA0147.3	37654	0.779774939790281	0.0631868982334283
MA0100.3	37654	0.833664247540231	0.0607951237922484
MA0104.4	37654	0.761352856785888	0.0620451052801847
MA1109.1	37654	0.794391913931257	0.0538148057214096
MA0161.2	37654	0.798579930441528	0.0620867533584134
MA0060.3	37654	0.791069507721143	0.0700824105522383
MA1111.1	37654	0.780749071598177	0.0643204155949558
MA0014.3	37654	0.790150625844858	0.0533358711211197
MA1114.1	37654	0.729085747520599	0.0518598940772186
MA1115.1	37654	0.755903365908859	0.0845145364136018
MA1116.1	37654	0.851886295826008	0.0658272638912777
MA1117.1	37654	0.790730900539351	0.0568555206089283
MA1118.1	37654	0.753017824643848	0.0593770446329364
MA1119.1	37654	0.704127473138559	0.0548153214247336
MA0442.2	37654	0.804755102973399	0.0753740310930821
MA1120.1	37654	0.786595886968619	0.0731102935340585
MA1121.1	37654	0.766009477740941	0.0572390225220763
MA1122.1	37654	0.828397189512008	0.0715827445796792
MA0750.2	37654	0.809557117929468	0.0639402719614893
MA0103.3	37654	0.843379002773451	0.060656005505888
MA1124.1	37654	0.667372555547145	0.0649201781068976
MA1125.1	37654	0.718843040834254	0.12772477602767
MA1154.1	37654	0.714928771827482	0.0416713455710612
MA1155.1	37654	0.701788773429658	0.0482535098559062
MA0099.3	37654	0.774329285486797	0.0646558230429825
MA1126.1	37654	0.720692438941195	0.0568395924415695
MA1127.1	37654	0.721906731760407	0.0681361428052032
MA1128.1	37654	0.763604177713425	0.0636511152374876
MA1129.1	37654	0.734174552812389	0.0669493794003629
MA1130.1	37654	0.769263387569852	0.0647885298488245
MA1131.1	37654	0.746660541255799	0.0668502588193725
MA1132.1	37654	0.785545762570422	0.0584710447451475
MA1133.1	37654	0.741583364433746	0.0628296470986036
MA1134.1	37654	0.753231955922674	0.0644117114303159
MA1135.1	37654	0.766738553889661	0.0664440021947186
MA1136.1	37654	0.751065883141007	0.0640983197323409
MA1137.1	37654	0.761651339338426	0.0617298985698783
MA1138.1	37654	0.760206995381089	0.0689048832973252
MA1139.1	37654	0.716067687325682	0.0704986344159737
MA1141.1	37654	0.755654468379373	0.0630665234990292
MA1142.1	37654	0.79787831087189	0.0614471488514076
MA1143.1	37654	0.780849554553786	0.0612498183503399
MA1144.1	37654	0.763190410768195	0.0662367894117335
MA1145.1	37654	0.727080176439807	0.0644085102576096
MA1146.1	37654	0.73375137752757	0.0393200049319368
MA1147.1	37654	0.750673609930075	0.0394930837490629
MA1148.1	37654	0.733938191964418	0.0397077390817692
MA1149.1	37654	0.769640130007031	0.0404213678296387
MA1150.1	37654	0.792831143710556	0.0532180786215039
MA1151.1	37654	0.800202369792274	0.0487525994649732
MA1152.1	37654	0.820286748536295	0.0764088425369898
MA1153.1	37654	0.822168220687345	0.0596511657050699
MA1418.1	37654	0.67307964787661	0.0515043062230277
MA1419.1	37654	0.670049254581004	0.0514849016924792
MA1420.1	37654	0.719008927636604	0.0455077532349117
MA1421.1	37654	0.731306207785825	0.0580491497700712
MA1463.1	37654	0.718949421790469	0.092228938299958
MA1464.1	37654	0.772589821236355	0.0673323974401654
MA1466.1	37654	0.712987138036724	0.0486725841148718
MA1468.1	37654	0.823718835297793	0.0437896725611309
MA1101.2	37654	0.676482747541017	0.0541824679178621
MA1470.1	37654	0.666179558470681	0.049376098363383
MA1471.1	37654	0.761645311746165	0.0846211821869925
MA1473.1	37654	0.748168029584952	0.0723248154314903
MA1474.1	37654	0.773650220819926	0.0505460078686756
MA1475.1	37654	0.757397623948346	0.0585864617553422
MA1478.1	37654	0.770427350011025	0.0578324221979501
MA1479.1	37654	0.738308292418804	0.0607646794885547
MA1480.1	37654	0.766545324922336	0.0603675127563623
MA1481.1	37654	0.810108340931246	0.0843637348496606
MA1484.1	37654	0.826866193727455	0.0576210413417133
MA1485.1	37654	0.747454852975851	0.0499457437596642
MA1489.1	37654	0.715929914484517	0.0922505154358576
MA1493.1	37654	0.776024104482718	0.0478138064176592
MA1494.1	37654	0.698213286909827	0.047044549315974
MA1495.1	37654	0.828507840577255	0.071887047432562
MA1496.1	37654	0.86257028585679	0.0556456533632321
MA1497.1	37654	0.811096619616939	0.061372821812476
MA1499.1	37654	0.806910642638645	0.0816917109658347
MA1500.1	37654	0.852065700479626	0.0602265517533794
MA1501.1	37654	0.80232671799094	0.0555088414750156
MA1502.1	37654	0.823079605952989	0.074850652852249
MA1503.1	37654	0.748027794681442	0.066398420805795
MA1504.1	37654	0.835663795734596	0.0799364699339185
MA1505.1	37654	0.832384399818451	0.067541652608916
MA1506.1	37654	0.736287900723539	0.0608634415187607
MA1507.1	37654	0.828030427656644	0.0808760625292254
MA1508.1	37654	0.798322485718818	0.0608144492338046
MA1509.1	37654	0.760625179847903	0.0529407298952375
MA1512.1	37654	0.844980809393684	0.0698940886907185
MA1513.1	37654	0.837818914037816	0.110253969836739
MA1514.1	37654	0.760233964873172	0.0546981656464309
MA1515.1	37654	0.873482279789972	0.0708759216438823
MA1516.1	37654	0.825439120764504	0.0673654623597166
MA1517.1	37654	0.859547081396801	0.0656040736930162
MA1519.1	37654	0.779760841723487	0.0872106250517212
MA1520.1	37654	0.725714948767505	0.0447271057456766
MA1521.1	37654	0.73727571258227	0.0445716691749091
MA1522.1	37654	0.852765951081569	0.0847483679037019
MA1523.1	37654	0.816743577548286	0.0532582394657426
MA1527.1	37654	0.715411011743226	0.0539822513305594
MA1528.1	37654	0.730843649693106	0.0538081066368822
MA1529.1	37654	0.715590461232521	0.0518756661119624
MA1530.1	37654	0.813265710625641	0.0690764103177051
MA1531.1	37654	0.74863960441251	0.0420784226005056
MA1533.1	37654	0.76423691132492	0.0364211148330021
MA1534.1	37654	0.803077804101153	0.0590511343616138
MA1535.1	37654	0.877013249069184	0.0573159001357582
MA1536.1	37654	0.920607933717306	0.0420792946482299
MA1537.1	37654	0.727069910316193	0.0443016003991978
MA1538.1	37654	0.711542982714656	0.0450578171225561
MA1539.1	37654	0.695820006834315	0.0458907639705803
MA1541.1	37654	0.719149732757826	0.0445159830910597
MA1542.1	37654	0.807883442826412	0.0489061290853567
MA1544.1	37654	0.714020237525827	0.0537601352277491
MA1545.1	37654	0.757742491471882	0.0510877753996406
MA1546.1	37654	0.725202948615436	0.0402803497677193
MA1548.1	37654	0.818701954630106	0.0757261001457934
MA1549.1	37654	0.794019779019446	0.0661079555856227
MA1550.1	37654	0.725094819258469	0.0444003338565262
MA1552.1	37654	0.73024124193363	0.0426500778893288
MA1553.1	37654	0.714657876318397	0.0439455353969342
MA1554.1	37654	0.864124118868171	0.0420086248247752
MA1555.1	37654	0.738990832047094	0.0444523468457543
MA1556.1	37654	0.735709352629933	0.0467681876383193
MA1557.1	37654	0.754194052685535	0.0480736032479895
MA1558.1	37654	0.843580379380898	0.0560484073848629
MA1559.1	37654	0.804168017376585	0.0548706077603727
MA1560.1	37654	0.774023469956617	0.0644852410242178
MA1561.1	37654	0.731523214467404	0.0552892777716307
MA1562.1	37654	0.742886344245038	0.0609648656823887
MA1564.1	37654	0.845768838273506	0.0743644906970206
MA1565.1	37654	0.785863254346106	0.048536599284372
MA1568.1	37654	0.78656858791156	0.0410237529103051
MA1569.1	37654	0.851975910089088	0.0712440245530166
MA1570.1	37654	0.82917639735058	0.0540558517371198
MA1571.1	37654	0.720979462381931	0.0493840338396978
MA1572.1	37654	0.728112170180763	0.0492330276152848
MA1574.1	37654	0.775327670704008	0.0401272274297635
MA1575.1	37654	0.716201776227517	0.0434174519392608
MA1576.1	37654	0.715171691281111	0.0386415567021709
MA1577.1	37654	0.781175847727142	0.10036643220621
MA1578.1	37654	0.842304307654518	0.0671256620757127
MA1579.1	37654	0.788902841303282	0.061442066121797
MA1580.1	37654	0.734753046955275	0.06729023835035
MA1581.1	37654	0.796595101472726	0.0545311965143212
MA1583.1	37654	0.79923074219625	0.0599955831478109
MA1584.1	37654	0.756889944578303	0.0533837423262459
MA1585.1	37654	0.75804890957023	0.0542622514957228
MA1587.1	37654	0.755248317436112	0.0513287302701519
MA1588.1	37654	0.694915879786616	0.050027687138398
MA1589.1	37654	0.663341694362825	0.0389539043732086
MA1592.1	37654	0.748953570551576	0.0445418364938236
MA1593.1	37654	0.763701397691905	0.0581363535298581
MA1594.1	37654	0.658087482398261	0.0366611484308303
MA1596.1	37654	0.748436093222965	0.0657825528515672
MA1597.1	37654	0.681147175737758	0.0438692055515076
MA1599.1	37654	0.743886379464428	0.0587363440027342
MA1600.1	37654	0.706482224926309	0.0393864687914365
MA1602.1	37654	0.758385755251153	0.0474824905916635
MA1603.1	37654	0.714513198095923	0.0676744864492033
MA1604.1	37654	0.767990645220494	0.0589962851182703
MA1606.1	37654	0.759469000811236	0.0872139162158859
MA1607.1	37654	0.724705116384505	0.081904034485124
MA1608.1	37654	0.776240381391148	0.0687941310908011
MA1615.1	37654	0.800013324572242	0.0655830543664901
MA1616.1	37654	0.743793464098624	0.0495480984142353
MA1618.1	37654	0.781366148846982	0.0596955588613276
MA1619.1	37654	0.795032585642003	0.0636399361240176
MA1620.1	37654	0.798496842608135	0.0577898648154531
MA1621.1	37654	0.798434882770053	0.0555669048027734
MA1623.1	37654	0.740104760646494	0.0796949813620116
MA1624.1	37654	0.764630411018655	0.0658166215898402
MA1625.1	37654	0.749199586050767	0.0672182250348583
MA1627.1	37654	0.806425276360534	0.0686154830931172
MA1628.1	37654	0.844210456913927	0.0585731271384404
MA1629.1	37654	0.779705687692309	0.0532419488374606
MA1100.2	37654	0.848086437987665	0.0555154711612941
MA0605.2	37654	0.706504413568664	0.0703900894626152
MA0462.2	37654	0.748435841616457	0.0730930184851517
MA0463.2	37654	0.708845772289976	0.0477007500972542
MA0864.2	37654	0.732934768919857	0.0462405437489998
MA0469.3	37654	0.664107643935013	0.0465629036490621
MA0470.2	37654	0.723731011873922	0.0476404361619696
MA0612.2	37654	0.786937780096467	0.0814187242978607
MA0766.2	37654	0.807666129971812	0.0646190085777857
MA0038.2	37654	0.764209740786461	0.0565545204155147
MA0893.2	37654	0.855090765631888	0.0631584554091141
MA1099.2	37654	0.828247437162607	0.0725281858795447
MA0616.2	37654	0.781169598435688	0.0709553377813735
MA0900.2	37654	0.78370841952084	0.0846477432876415
MA0158.2	37654	0.825801270779758	0.066236337520782
MA0594.2	37654	0.828733853183176	0.0523944928822192
MA0902.2	37654	0.832110930677474	0.0724992964659633
MA0904.2	37654	0.812592103166299	0.0717156903925352
MA0485.2	37654	0.737089841904542	0.0680801492039296
MA0912.2	37654	0.774991501069404	0.0735824186100265
MA0910.2	37654	0.819584478719454	0.0728936840925566
MA0913.2	37654	0.76465553680048	0.0802943259389689
MA1140.2	37654	0.689626061896309	0.0652889661423418
MA0701.2	37654	0.782685731035976	0.0821486366910847
MA0702.2	37654	0.739976136478679	0.0945980850515189
MA0703.2	37654	0.682984559524134	0.102241651079855
MA0623.2	37654	0.758171689558049	0.0545826594320364
MA0842.2	37654	0.748469892169633	0.0538605260077559
MA0682.2	37654	0.801601003795668	0.0718972028071075
MA0075.3	37654	0.758122752350795	0.0940976041023253
MA0867.2	37654	0.823703735034769	0.0671152822025257
MA0868.2	37654	0.786083662026936	0.0704283809227108
MA0746.2	37654	0.833363797048954	0.073612314853547
MA0632.2	37654	0.814158460646945	0.0720435761797211
MA0871.2	37654	0.765058213654483	0.0651927602628225
MA0753.2	37654	0.780594041518084	0.0727650627274173
MA0122.3	37654	0.732342552257518	0.0681326152705161
MA1707.1	37654	0.757622854251586	0.0628733439035454
MA1708.1	37654	0.835788895942991	0.056806388924129
MA1709.1	37654	0.728378175985134	0.0650701554836447
MA1710.1	37654	0.854786902132672	0.0529638043230559
MA1711.1	37654	0.729674313462183	0.0483829770723976
MA1712.1	37654	0.774446367304363	0.0574963937588988
MA1713.1	37654	0.784648887808686	0.0827164379388916
MA1714.1	37654	0.715919961591724	0.0392204720881456
MA1715.1	37654	0.709559316191912	0.0452954346355827
MA1716.1	37654	0.718565874720245	0.0445461857431435
MA1717.1	37654	0.760529773897441	0.051123689660053
MA1718.1	37654	0.624771936969586	0.0485301460779995
MA1719.1	37654	0.722234459198061	0.0480665133203297
MA1720.1	37654	0.718163079282543	0.0518952674884919
MA1721.1	37654	0.755745517392242	0.076933865255717
MA1722.1	37654	0.68538891391725	0.0383263855995281
MA1723.1	37654	0.785912428524862	0.0519848616491448
MA1724.1	37654	0.760065471071973	0.05483895920473
MA1631.1	37654	0.813340411121432	0.058862699047025
MA1632.1	37654	0.742766398296847	0.0707162795162484
MA1634.1	37654	0.749775536431106	0.0736741853288439
MA1635.1	37654	0.825525022677068	0.077175238067897
MA1636.1	37654	0.724464233184975	0.0632363799772726
MA1637.1	37654	0.76812538857089	0.0608545102426966
MA1638.1	37654	0.830602276171875	0.0602186130878903
MA1639.1	37654	0.737349948149853	0.0717643384469905
MA1640.1	37654	0.706764643695024	0.074941465861621
MA1641.1	37654	0.786365121641322	0.0628650322955721
MA1642.1	37654	0.799418846955254	0.0569100716759573
MA1643.1	37654	0.685428031783799	0.0491706990670694
MA1644.1	37654	0.787840148020084	0.0718886596279813
MA1645.1	37654	0.780768905035577	0.0529181245463607
MA1646.1	37654	0.807701113012757	0.0576516813582828
MA1648.1	37654	0.844629595434785	0.0617165573963882
MA1649.1	37654	0.805100979057626	0.0604876369936955
MA1650.1	37654	0.801277504032093	0.0792426689122704
MA1651.1	37654	0.705358560997211	0.0559905576393432
MA1652.1	37654	0.794218480150731	0.0568471452843726
MA1653.1	37654	0.827253405400682	0.0876168833956417
MA1654.1	37654	0.68076068610699	0.0356513751145396
MA1655.1	37654	0.793150888847086	0.0549799530133643
MA1656.1	37654	0.775792830558105	0.0545299922870686
MA1657.1	37654	0.722684454010124	0.0686157056078499
MA1683.1	37654	0.764033469793288	0.0818175287203451
MA1725.1	37654	0.776110981017383	0.0511024915282387
MA1726.1	37654	0.760667743379696	0.0530320801741883
MA1727.1	37654	0.770734434523761	0.0600755986129212
MA1728.1	37654	0.810999294401673	0.0570441889260023
MA1729.1	37654	0.722155324817169	0.0553428518014002
MA1730.1	37654	0.764143692855126	0.0484893677478179
MA1731.1	37654	0.773199025698168	0.0442780069643487
MA0833.2	37654	0.726816446541831	0.0630018228784779
MA0835.2	37654	0.748333413589218	0.0720391041452304
MA0465.2	37654	0.736252152340877	0.080168384632303
MA0102.4	37654	0.72220132609596	0.0662381218780495
MA0836.2	37654	0.736229991812523	0.0661101395935891
MA0018.4	37654	0.748026214469689	0.0780736587249595
MA1102.2	37654	0.817857302854887	0.0729922713316441
MA0471.2	37654	0.830262107055099	0.0646829582565174
MA0154.4	37654	0.752791390397142	0.0562646500328682
MA0162.4	37654	0.792004383527779	0.0786813993407966
MA0598.3	37654	0.774410481517219	0.0600046638635026
MA0473.3	37654	0.779766499011541	0.0593899445466775
MA0640.2	37654	0.791975182132028	0.0579287958748591
MA0592.3	37654	0.740014077056941	0.0568593245708703
MA0761.2	37654	0.784618235745304	0.0601815554542171
MA0477.2	37654	0.741697262441324	0.0700059122612908
MA0148.4	37654	0.738401199222121	0.0794241366655776
MA0047.3	37654	0.760851226415206	0.0815904149025481
MA1103.2	37654	0.761641319601146	0.0827154509965881
MA0481.3	37654	0.765779963695303	0.0835496531571067
MA0062.3	37654	0.778465873374716	0.058879873051873
MA0035.4	37654	0.762269464850099	0.0726299864074521
MA0482.2	37654	0.76107768618919	0.066112935952928
MA1104.2	37654	0.73281421233795	0.0736669912416014
MA1105.2	37654	0.745102453886627	0.06071715464986
MA0043.3	37654	0.730062015076817	0.0702027376214369
MA0114.4	37654	0.742247912449673	0.0594875230431483
MA0484.2	37654	0.748090702914859	0.0581989232194195
MA0901.2	37654	0.710717991580899	0.0911287754289579
MA0490.2	37654	0.725730619760154	0.0722683600602359
MA0491.2	37654	0.72985167991983	0.0710280789396812
MA0039.4	37654	0.855096818137385	0.0779870634663183
MA1107.2	37654	0.771016408649445	0.0649369285208578
MA0700.2	37654	0.751052011554119	0.0868381944534601
MA0495.3	37654	0.707815335239593	0.0601688700210448
MA0496.3	37654	0.714136932689988	0.0558836602591676
MA0052.4	37654	0.709542356867708	0.0859593641338853
MA0620.3	37654	0.719186404561873	0.0596683553429933
MA1108.2	37654	0.824784641386717	0.0713891790764177
MA0499.2	37654	0.796777195248836	0.0533891046980414
MA0500.2	37654	0.79509561108703	0.0712682650808159
MA0056.2	37654	0.787211387920659	0.0538092060331543
MA0089.2	37654	0.707690850121872	0.0536592927530756
MA0025.2	37654	0.725063226189542	0.0773796640644881
MA0502.2	37654	0.776867807905064	0.0640333634148206
MA0063.2	37654	0.794291946814342	0.0627231236197787
MA1112.2	37654	0.778410978166014	0.0653940088917866
MA0679.2	37654	0.66194804914857	0.0887265574881978
MA0712.2	37654	0.777614920056936	0.068326305559786
MA1113.2	37654	0.715116583359009	0.0800094588007798
MA0681.2	37654	0.639714153380074	0.102088028183367
MA0782.2	37654	0.73828450370324	0.0574169853452057
MA0627.2	37654	0.716401835982751	0.0835298647730481
MA0508.3	37654	0.807479239426756	0.0677772593902987
MA0684.2	37654	0.78449480197331	0.0619503705017936
MA0743.2	37654	0.727506961397212	0.0521061302520156
MA0744.2	37654	0.732572939861003	0.0512337452623241
MA0745.2	37654	0.781261556792439	0.0555101029292979
MA0143.4	37654	0.780822156083406	0.0722184592358754
MA0081.2	37654	0.750572118559686	0.053527292155246
MA0829.2	37654	0.735550343184062	0.0572958048605014
MA0522.3	37654	0.844678646094248	0.0607387917750246
MA0830.2	37654	0.8120391826391	0.0589315291040031
MA0769.2	37654	0.782352864803111	0.0720335582147655
MA0090.3	37654	0.755572800394041	0.0592296157576847
MA0809.2	37654	0.773824351479198	0.0603447424625315
MA0003.4	37654	0.789836092154145	0.0620571002765931
MA0814.2	37654	0.800059416435861	0.064923388274799
MA1123.2	37654	0.781449160365095	0.0576735990853674
MA0093.3	37654	0.740954104687827	0.0588926869129393
MA0748.2	37654	0.798666249189538	0.0680113453954379
MA0528.2	37654	0.829713538435074	0.0714375042537809
MA0609.2	37654	0.699222779342584	0.0650559123861305
MA1684.1	37654	0.924818289865449	0.0751231171473067
MA1928.1	37654	0.762256444608313	0.069553354712348
MA1929.1	37654	0.670680187792653	0.0402677575996002
MA1930.1	37654	0.66237838987325	0.0390172284799396
MA1931.1	37654	0.711447501216133	0.0505823259831455
MA1932.1	37654	0.706316128530869	0.0445353997693499
MA1933.1	37654	0.726227200229109	0.0462514598683729
MA1934.1	37654	0.757584267704995	0.0471510752779833
MA1935.1	37654	0.801723493730288	0.0461075712293502
MA1936.1	37654	0.812461332177568	0.0415107794699699
MA1937.1	37654	0.767405641445177	0.0444558356517318
MA1938.1	37654	0.741825857214942	0.0428857924884013
MA1939.1	37654	0.713979215943487	0.0407536699871604
MA1940.1	37654	0.734634092889827	0.0489949614070914
MA1941.1	37654	0.744848946902406	0.0458188568321176
MA1942.1	37654	0.76686558309945	0.0484619709446789
MA1943.1	37654	0.737460456886834	0.0462785753041795
MA1944.1	37654	0.754673232579626	0.0444280028758152
MA1945.1	37654	0.754438310799409	0.0478484977125045
MA1946.1	37654	0.786800924268624	0.0431673728238149
MA1947.1	37654	0.801613743745678	0.0445387317793972
MA1948.1	37654	0.759319326064317	0.0423993950709804
MA1949.1	37654	0.723929904706178	0.0448054924614308
MA1950.1	37654	0.763653919893934	0.0533197978238239
MA1951.1	37654	0.695536522036573	0.060331176543251
MA1952.1	37654	0.777891408790912	0.0547079821026801
MA1953.1	37654	0.769221018905504	0.0507943476070338
MA1954.1	37654	0.765314628203202	0.0533169061773433
MA1955.1	37654	0.759002104016992	0.0528250812719179
MA1956.1	37654	0.747291020439732	0.0524921462706358
MA1957.1	37654	0.724969204479511	0.0484203671552219
MA1958.1	37654	0.695008806678065	0.0469086919918996
MA1959.1	37654	0.891495074193646	0.0868879278848801
MA1960.1	37654	0.747261855851221	0.0563505132728506
MA1961.1	37654	0.864023450275662	0.0891881599261174
MA1962.1	37654	0.685982967564416	0.0647276272928388
MA1963.1	37654	0.711119662881293	0.0891735650035826
MA1964.1	37654	0.847735973796266	0.0583228252753594
MA1965.1	37654	0.886431511649303	0.0809257047962804
MA1966.1	37654	0.767741746090832	0.0478402645362191
MA1967.1	37654	0.703268261720666	0.0483696034495507
MA1968.1	37654	0.772773883674053	0.0511079639998247
MA1969.1	37654	0.695706538409031	0.0371354799627452
MA1970.1	37654	0.741837584773958	0.0749208328419327
MA1971.1	37654	0.783218136356757	0.0504530874954768
MA1972.1	37654	0.805577553477237	0.0475398365155177
MA1973.1	37654	0.714086867005241	0.0458518541255826
MA1974.1	37654	0.679499943678216	0.067009723628806
MA1975.1	37654	0.740042611628271	0.0459959162038441
MA1976.1	37654	0.734564507388927	0.0491447301651615
MA1977.1	37654	0.73137389015227	0.03938009740193
MA1978.1	37654	0.691363199152581	0.0671652287285884
MA1979.1	37654	0.783053542191951	0.0525995385300809
MA1980.1	37654	0.745971525735586	0.0440733604090786
MA1981.1	37654	0.777191384261074	0.058835628281829
MA1982.1	37654	0.772947693511426	0.0492200793505992
MA1983.1	37654	0.638877815872969	0.0414376097545283
MA1984.1	37654	0.773196490093754	0.0446214331070581
MA1985.1	37654	0.734119810615206	0.0490522010196594
MA1986.1	37654	0.828705802007243	0.0722793818053563
MA1987.1	37654	0.769400205462888	0.0441936600513859
MA1988.1	37654	0.777022511623928	0.0711909819744317
MA1989.1	37654	0.737617020198684	0.0641494974935539
MA1990.1	37654	0.763967958650554	0.05049720936522
MA1991.1	37654	0.76502903687921	0.0557687839824697
MA1992.1	37654	0.785505371362683	0.0546900624714067
MA1993.1	37654	0.83815125012012	0.0734837465569077
MA1994.1	37654	0.763657822637457	0.060088874358917
MA1995.1	37654	0.785423615575745	0.0547556792333329
MA1996.1	37654	0.817879791040268	0.0676915062663739
MA1997.1	37654	0.839451213320258	0.0746181266023428
MA1998.1	37654	0.759933592978742	0.0512158752543259
MA1999.1	37654	0.738910391975296	0.0464745327168358
MA2001.1	37654	0.774872527265997	0.0627176463930607
MA2002.1	37654	0.848083945601015	0.0512146899063927
MA2003.1	37654	0.85232506458233	0.0442226124983349
MA0037.4	37654	0.758872810124703	0.0707359593608069
MA0041.2	37654	0.722949627931819	0.0760967320969636
MA0050.3	37654	0.715204543713364	0.0711933017409619
MA0067.2	37654	0.753331333939745	0.0372817128426077
MA0078.2	37654	0.744708120396614	0.0640333922046444
MA0079.5	37654	0.875897863278411	0.0950582057800146
MA0080.6	37654	0.735663822093784	0.0567947399537988
MA0087.2	37654	0.77046762593155	0.0566154466653414
MA0095.3	37654	0.765505297338335	0.0692838690502067
MA0136.3	37654	0.810143461110052	0.0606184581508532
MA0152.2	37654	0.743259665032931	0.0678787058505146
MA0156.3	37654	0.777518834875065	0.0613911223014731
MA0157.3	37654	0.772465997776945	0.0784817346340525
MA0160.2	37654	0.808353926101737	0.0549851718154283
MA0466.3	37654	0.701298458750205	0.0529194688199791
MA0467.2	37654	0.787584454124466	0.0790314912432681
MA0474.3	37654	0.789771108715283	0.0579395440802242
MA0480.2	37654	0.786057705889333	0.074177674499326
MA0489.2	37654	0.762489711871911	0.0706400166652051
MA0493.2	37654	0.901494092096061	0.0842847110525707
MA0505.2	37654	0.738034233499636	0.0532902837168204
MA0506.2	37654	0.754286689064796	0.081059631885908
MA0507.2	37654	0.672686014438507	0.0782419290177373
MA0509.3	37654	0.672568396509641	0.0549345824897048
MA0514.2	37654	0.795573955978611	0.0704596761695176
MA0516.3	37654	0.887541945796102	0.0860435270674926
MA0521.2	37654	0.808108246625904	0.0703785277265011
MA0526.4	37654	0.722660453121103	0.0628472054009716
MA0606.2	37654	0.767904798294447	0.0692099395904329
MA0607.2	37654	0.736796015184374	0.0545505708243386
MA0611.2	37654	0.681858338239774	0.0739553944891488
MA0624.2	37654	0.788409028204598	0.071278885013465
MA0625.2	37654	0.883990983262131	0.0496008519380967
MA0633.2	37654	0.839993114899954	0.0780643773668408
MA0642.2	37654	0.823067066399097	0.0734841334863963
MA0644.2	37654	0.802542077833125	0.0824052417299062
MA0650.3	37654	0.754879041614857	0.081150032378362
MA0651.2	37654	0.697789040537161	0.0600825566061062
MA0659.3	37654	0.709560585509048	0.0521107363708433
MA0666.2	37654	0.800563330427968	0.0832094921808184
MA0668.2	37654	0.78183183738584	0.0514284127872191
MA0680.2	37654	0.652291673235372	0.0937382280054533
MA0685.2	37654	0.888184802947912	0.0872955637226341
MA0690.2	37654	0.753024954810932	0.049921334229983
MA0693.3	37654	0.790690909243891	0.06874548919559
MA0697.2	37654	0.792639023441306	0.058721941463003
MA0707.2	37654	0.835932040106754	0.0774995778346202
MA0708.2	37654	0.810291546799478	0.0796182205502009
MA0723.2	37654	0.860398587100544	0.0685297705997538
MA0734.3	37654	0.782762784983548	0.0516056104771917
MA0740.2	37654	0.892009989863182	0.0826742083502966
MA0742.2	37654	0.872876653404185	0.0914810354489449
MA0754.2	37654	0.718864580302753	0.0659356817363925
MA0756.2	37654	0.74941824456098	0.0602339976211937
MA0759.2	37654	0.786678019366924	0.0654362302242845
MA0764.3	37654	0.813518907014293	0.0613667460285052
MA0765.3	37654	0.783070540143192	0.0647323434412931
MA0768.2	37654	0.741085573098052	0.0623509215386576
MA0784.2	37654	0.661776030478857	0.0746845527875986
MA0798.3	37654	0.678342334074802	0.0531276345688872
MA0799.2	37654	0.688419775606735	0.0505831737744811
MA0818.2	37654	0.753128385819526	0.0537489486771914
MA0819.2	37654	0.8072969864461	0.0566444041550703
MA0821.2	37654	0.794429384499243	0.0609391957802578
MA0828.2	37654	0.690908680292316	0.0602514050535363
MA0831.3	37654	0.730257530540617	0.0647974262793822
MA0837.2	37654	0.704896236281691	0.0528560749876426
MA0847.3	37654	0.759776521484692	0.0723638769211112
MA0865.2	37654	0.783235717355834	0.0494331998880785
MA0869.2	37654	0.794942411819424	0.0595987630757847
MA0877.3	37654	0.784578739653265	0.0677237135604773
MA0878.3	37654	0.755611887749378	0.071775877253077
MA0879.2	37654	0.843985465062841	0.0717230202210042
MA0884.2	37654	0.713864384937196	0.0721457167859375
MA0885.2	37654	0.747235664205197	0.0698968262539285
MA0909.3	37654	0.757916652463132	0.0905458671497126
MA1110.2	37654	0.839998800567706	0.0650880063835587
MA1467.2	37654	0.805241654939042	0.0596321495099483
MA1472.2	37654	0.793453748137895	0.0595512604557079
MA1476.2	37654	0.747305124767352	0.0710319235331254
MA1483.2	37654	0.790275863837001	0.056670411778444
MA1487.2	37654	0.744498066717739	0.0723176096864291
MA1491.2	37654	0.706485521569432	0.0443625660863107
MA1498.2	37654	0.840584051706526	0.0705452992051151
MA1511.2	37654	0.880746199564177	0.0869870308181222
MA1518.2	37654	0.679440829178284	0.0624617822074231
MA1524.2	37654	0.752283583935015	0.0507789196793188
MA1525.2	37654	0.814323113639786	0.0634572934039498
MA1532.2	37654	0.720244423485867	0.0419027328692537
MA1547.2	37654	0.794935893021461	0.0686295828088655
MA1563.2	37654	0.861693491087224	0.06316963113805
MA1566.2	37654	0.772617768283614	0.0509328074233686
MA1567.2	37654	0.783308633070931	0.0513560939593732
MA1573.2	37654	0.704423079955395	0.0609132426027406
MA1601.2	37654	0.751869411073836	0.0469690080668493
MA1630.2	37654	0.838787904471861	0.0851689548732252
MA1633.2	37654	0.753703268315764	0.0680409393859509
MA1647.2	37654	0.729140961801538	0.0496175847875415
MA0597.2	37654	0.821249676655603	0.0600732118661394
MA1540.2	37654	0.700317336352677	0.0503354525164377
