[SHORT TFBS MATRIX]
MA0004.1	81750	0.821314958779101	0.0727707749615682
MA0006.1	81750	0.871213346258975	0.0705710042437888
MA0019.1	81750	0.803174390078174	0.0486693144184192
MA0029.1	81750	0.724561723999412	0.0653365167341534
MA0030.1	81750	0.747430736567995	0.0685444954552545
MA0031.1	81750	0.803375908502611	0.0772466365301179
MA0040.1	81750	0.7771350907976	0.0776396647737882
MA0051.1	81750	0.726361951678232	0.05108344703159
MA0059.1	81750	0.767406864578462	0.0530183962228788
MA0066.1	81750	0.719900687038743	0.0364996768474545
MA0069.1	81750	0.745998698704817	0.0422299088800272
MA0070.1	81750	0.759696025461986	0.0591428691971732
MA0071.1	81750	0.793364082583743	0.0603930105499173
MA0072.1	81750	0.737721197113098	0.0585651734561403
MA0073.1	81750	0.764136177349193	0.0519209441040626
MA0074.1	81750	0.73095135626957	0.0420344728826166
MA0077.1	81750	0.818504232497815	0.060258204014451
MA0084.1	81750	0.846910458895666	0.0751729068797664
MA0091.1	81750	0.787019342971964	0.0520472284204957
MA0092.1	81750	0.856465197588648	0.0440983624721128
MA0101.1	81750	0.839425967938161	0.0500384560803638
MA0107.1	81750	0.789944426006883	0.0588256990114631
MA0108.2	81750	0.79084009483835	0.0669643583303333
MA0111.1	81750	0.845996188335658	0.035472180902439
MA0115.1	81750	0.648444330945303	0.0475032702774746
MA0116.1	81750	0.797221783813877	0.0485889835463379
MA0119.1	81750	0.709007040711979	0.0554439084395883
MA0125.1	81750	0.826410264765513	0.0737872326025932
MA0130.1	81750	0.932612848495207	0.0544062623320548
MA0135.1	81750	0.746578723830121	0.0839706648929466
MA0139.1	81750	0.752312415341022	0.0472125979506508
MA0142.1	81750	0.725196578573595	0.0641935869719316
MA0149.1	81750	0.653885838806401	0.0583693581978376
MA0138.2	81750	0.665368941293499	0.0421152494793664
MA0002.2	81750	0.826259622972316	0.0485921703131432
MA0065.2	81750	0.787164377003686	0.0415204768380795
MA0151.1	81750	0.850872350081186	0.102128868774408
MA0155.1	81750	0.828305396508598	0.0476260429106315
MA0159.1	81750	0.775538581080122	0.0375324112341735
MA0163.1	81750	0.766912889942307	0.0595969132137806
MA0164.1	81750	0.790146026966337	0.0787543980332095
MA0259.1	81750	0.852052470829386	0.0644748373094937
MA0145.2	81750	0.809624634117655	0.0460550623953359
MA0146.2	81750	0.816278635169082	0.0748621223143137
MA0468.1	81750	0.773146888389644	0.0707905656949941
MA0476.1	81750	0.790265532985476	0.0655723058880528
MA0478.1	81750	0.793480078075699	0.0600463439409486
MA0479.1	81750	0.791085119365463	0.0642447205620619
MA0483.1	81750	0.811025777380731	0.0568428416257168
MA0488.1	81750	0.770614763225584	0.0595518823802997
MA0492.1	81750	0.771385223326911	0.0579957374244143
MA0494.1	81750	0.77337020502645	0.0377801661919703
MA0497.1	81750	0.776404326033296	0.0759029261321401
MA0501.1	81750	0.72269294052698	0.0512707335440622
MA0504.1	81750	0.798378091273317	0.0421454291060727
MA0515.1	81750	0.835013684629792	0.0604218737728392
MA0517.1	81750	0.751992157879059	0.0619959135774044
MA0518.1	81750	0.80265445075062	0.0548142541237586
MA0519.1	81750	0.816151232825557	0.0568634993802804
MA0520.1	81750	0.779612746898344	0.0601031242002745
MA0523.1	81750	0.78725656572927	0.0563866728117331
MA0527.1	81750	0.739674029166641	0.057002760376525
MA0076.2	81750	0.817902329190936	0.0602217297188417
MA0258.2	81750	0.774884400878018	0.0444456077681761
MA0150.2	81750	0.723171047025399	0.0494750004335014
MA0137.3	81750	0.793407121540765	0.0597390688097069
MA0144.2	81750	0.827928242834426	0.0552447036866637
MA0140.2	81750	0.736405845987395	0.0547399554714747
MA0591.1	81750	0.741731247251784	0.0476562305349196
MA0593.1	81750	0.79293652421109	0.0771674008365394
MA0595.1	81750	0.824769228569415	0.0523474680546342
MA0596.1	81750	0.806838862130935	0.0543713425736757
MA0599.1	81750	0.885378481453657	0.0760493271825785
MA0601.1	81750	0.752955000834267	0.11081619730134
MA0602.1	81750	0.751769467650039	0.086530900198614
MA0603.1	81750	0.782438291946644	0.0627144766994178
MA0604.1	81750	0.808378821396292	0.057383437259119
MA0608.1	81750	0.797510744947445	0.0576823724184268
MA0610.1	81750	0.759703622717507	0.0683869891137799
MA0613.1	81750	0.791806337153819	0.0882297284595991
MA0614.1	81750	0.821370723180859	0.0803420282095666
MA0615.1	81750	0.788173332994856	0.0475420475959492
MA0618.1	81750	0.815584007672042	0.0714172969252884
MA0619.1	81750	0.809608832449977	0.0959606462656775
MA0621.1	81750	0.72195567355268	0.106898878212973
MA0622.1	81750	0.780707991590378	0.0793327675360092
MA0626.1	81750	0.806091409252252	0.0620549548645981
MA0628.1	81750	0.736127385232752	0.0909210297772532
MA0629.1	81750	0.77089521405417	0.0481040365371587
MA0630.1	81750	0.822197995458685	0.0900282273823753
MA0631.1	81750	0.707814207948767	0.0543662222595691
MA0634.1	81750	0.80152129019282	0.0773119453681426
MA0007.3	81750	0.698212668112261	0.0460477860097424
MA0635.1	81750	0.833663804529468	0.0643575836555187
MA0636.1	81750	0.742834780369232	0.0608897236462464
MA0638.1	81750	0.733386900490493	0.0481866413104275
MA0639.1	81750	0.755438326871962	0.0664641649692893
MA0641.1	81750	0.748092035300569	0.0555766306019883
MA0027.2	81750	0.834017565999709	0.076058738547685
MA0643.1	81750	0.789289771123521	0.0546337098385625
MA0645.1	81750	0.816440526408727	0.0591597992045533
MA0475.2	81750	0.796629229970499	0.0565935451812151
MA0042.2	81750	0.817212759131746	0.0776284071978631
MA0033.2	81750	0.851650411907047	0.0767211910716957
MA0646.1	81750	0.777878924919891	0.0470806520436494
MA0647.1	81750	0.720404454448072	0.059021202284317
MA0648.1	81750	0.801532873796174	0.0660718536360376
MA0649.1	81750	0.779308241352764	0.0620279565469097
MA0131.2	81750	0.7843777404528	0.0636499757338387
MA0046.2	81750	0.703291198439365	0.0797975144703731
MA0153.2	81750	0.693325211824727	0.0783836541328451
MA0486.2	81750	0.708590031127767	0.0582917834867309
MA0652.1	81750	0.687228159027162	0.0514806649578135
MA0653.1	81750	0.661221083540216	0.0534046471525032
MA0654.1	81750	0.805913086892869	0.0895606067215228
MA0655.1	81750	0.740085583555297	0.068838745418234
MA0656.1	81750	0.70970070678062	0.0638803617064368
MA0657.1	81750	0.710994217676003	0.0469298945216153
MA0658.1	81750	0.778530422429209	0.068478382812711
MA0660.1	81750	0.717185194464589	0.0835014058076643
MA0661.1	81750	0.806381665094026	0.0672007033102206
MA0662.1	81750	0.826824965453049	0.0769047677898606
MA0663.1	81750	0.742735764574713	0.0581326165146097
MA0664.1	81750	0.763512834643773	0.05989332151886
MA0665.1	81750	0.780575131266337	0.0517961261708387
MA0667.1	81750	0.761565882967579	0.0562295810758949
MA0669.1	81750	0.767672498917568	0.0546312955341729
MA0670.1	81750	0.810291384334071	0.0714027047233706
MA0671.1	81750	0.903456401476624	0.0483086584129023
MA0048.2	81750	0.794076252614813	0.062656225436162
MA0672.1	81750	0.835340006121336	0.0508672154005598
MA0673.1	81750	0.870901722616043	0.045651351379302
MA0674.1	81750	0.832314166552825	0.0745550824946443
MA0675.1	81750	0.836059687325234	0.0835255636532758
MA0676.1	81750	0.806361029608997	0.0644181090112025
MA0677.1	81750	0.718133455258439	0.0460914778971393
MA0678.1	81750	0.769387265579436	0.0567827483468076
MA0068.2	81750	0.781434294592007	0.0799762148805468
MA0683.1	81750	0.657158608619826	0.0757836438153939
MA0512.2	81750	0.695216937828789	0.0480804433187245
MA0686.1	81750	0.772190305060006	0.0509381542367488
MA0687.1	81750	0.778138220636898	0.049414122151076
MA0083.3	81750	0.65812741607742	0.0527129516326539
MA0009.2	81750	0.677667151066618	0.046113893808822
MA0688.1	81750	0.793477730354773	0.0495715204806352
MA0689.1	81750	0.772978214622342	0.0518706214310753
MA0691.1	81750	0.764347040832634	0.0621798223864792
MA0692.1	81750	0.791731904108817	0.0568327019725344
MA0694.1	81750	0.763409166791081	0.0542639615934971
MA0695.1	81750	0.791716498867719	0.0519525381313914
MA0696.1	81750	0.743014628022931	0.0554887189148591
MA0698.1	81750	0.767249369878033	0.0538284848940125
MA0699.1	81750	0.817170099378993	0.0682174028890861
MA0704.1	81750	0.82075301335587	0.0781670948167904
MA0705.1	81750	0.831763334136799	0.0687789187061924
MA0706.1	81750	0.813285672232469	0.0701314334101345
MA0709.1	81750	0.810157006710894	0.0871619640742346
MA0710.1	81750	0.818571808677998	0.0742339000044149
MA0124.2	81750	0.80229009428082	0.0584768034789119
MA0711.1	81750	0.827107028929046	0.0653755825969072
MA0132.2	81750	0.826680479466351	0.0863864736971861
MA0713.1	81750	0.741138235247742	0.0859828695779022
MA0714.1	81750	0.821669712864154	0.0647018643731104
MA0715.1	81750	0.709245328821722	0.0969178359009187
MA0716.1	81750	0.814464867572451	0.0901674794100875
MA0717.1	81750	0.826177503006164	0.0805544898771384
MA0718.1	81750	0.804030810578821	0.0845435148600662
MA0719.1	81750	0.922299143466647	0.0485984532565141
MA0720.1	81750	0.816069348748268	0.0884307322126663
MA0721.1	81750	0.821602332211016	0.0839814009965529
MA0722.1	81750	0.828253043198871	0.0750209474390812
MA0724.1	81750	0.790410850538383	0.0728445750332696
MA0725.1	81750	0.801759024331256	0.0895907152683972
MA0726.1	81750	0.785835940921384	0.089594934559839
MA0112.3	81750	0.688737857014296	0.0476455256793462
MA0141.3	81750	0.741964629777508	0.0592672597449604
MA0017.2	81750	0.778745464448877	0.05777809611609
MA0113.3	81750	0.697648048769452	0.0496672864612354
MA0727.1	81750	0.693733598365992	0.0496096282528077
MA0728.1	81750	0.687647765179411	0.0514701508630997
MA0729.1	81750	0.672196924960784	0.046690464982912
MA0730.1	81750	0.686130503866648	0.0450099851427399
MA0731.1	81750	0.641863544426661	0.0479552632873176
MA0472.2	81750	0.773604542852482	0.0613831372912922
MA0732.1	81750	0.741260130863342	0.070601026712909
MA0733.1	81750	0.746350953978442	0.0588494602550147
MA0735.1	81750	0.67238494983382	0.0494755617094508
MA0736.1	81750	0.758290651642395	0.0525909368127249
MA0737.1	81750	0.715578908578449	0.0455604665797614
MA0738.1	81750	0.876473192893924	0.0496397502930368
MA0739.1	81750	0.837447027815842	0.0494977149071628
MA0741.1	81750	0.827381367366062	0.0784483740415703
MA0747.1	81750	0.836200873829097	0.0616096039349832
MA0749.1	81750	0.675379265218822	0.0463198985895032
MA0751.1	81750	0.777072183693629	0.0517904780581652
MA0088.2	81750	0.723317065136118	0.0437614165977069
MA0752.1	81750	0.655636970051478	0.051349187988831
MA0755.1	81750	0.729239137673504	0.0747705296356894
MA0757.1	81750	0.693125971382928	0.0857240470646149
MA0758.1	81750	0.66040194494482	0.05107357388941
MA0760.1	81750	0.800686064966461	0.0531453407961268
MA0098.3	81750	0.814399745962423	0.05554734637336
MA0762.1	81750	0.77482414560405	0.0535159991631199
MA0763.1	81750	0.807854830894836	0.0497051855868456
MA0767.1	81750	0.806639758532983	0.048251445097501
MA0770.1	81750	0.723315000415225	0.0572777633253073
MA0771.1	81750	0.753947474752763	0.0510091488498522
MA0772.1	81750	0.730748190813735	0.0632190704028808
MA0773.1	81750	0.726226120040841	0.0880951505274743
MA0498.2	81750	0.895366694238389	0.0621913396643399
MA0774.1	81750	0.828711793202274	0.0619684462788576
MA0775.1	81750	0.858582776768772	0.0565105862215661
MA0776.1	81750	0.714995658702366	0.0478273063885417
MA0777.1	81750	0.684847519430521	0.0447720833171478
MA0105.4	81750	0.686403776039799	0.060644221115658
MA0778.1	81750	0.718719792100343	0.0617851158696229
MA0779.1	81750	0.726510597204071	0.0374402802618355
MA0780.1	81750	0.695996792473919	0.0886381316005406
MA0781.1	81750	0.699439458701458	0.0405151774273708
MA0783.1	81750	0.695420973532766	0.0558635969595711
MA0785.1	81750	0.751904694273512	0.0791587940669767
MA0786.1	81750	0.747197062967209	0.0851189940593613
MA0787.1	81750	0.737957638369904	0.0822664299658401
MA0788.1	81750	0.733038560032971	0.083492961858123
MA0789.1	81750	0.757109133353373	0.0849314003101566
MA0790.1	81750	0.697770625604493	0.0885115130636631
MA0791.1	81750	0.678226946688449	0.085302106038022
MA0792.1	81750	0.78282625303221	0.0808638802373643
MA0793.1	81750	0.769493871837768	0.0744904137470134
MA0794.1	81750	0.731542921858767	0.0474099045077763
MA0600.2	81750	0.692629213488925	0.0517405115637893
MA0795.1	81750	0.721836180843001	0.0531987185708098
MA0796.1	81750	0.667800592444028	0.0590562781481235
MA0797.1	81750	0.703847824599238	0.0544426866191957
MA0510.2	81750	0.685548002811923	0.0510988914178647
MA0511.2	81750	0.80125889150038	0.0525834922398591
MA0800.1	81750	0.759419775414794	0.0518447273861619
MA0801.1	81750	0.826888312530733	0.0562000399216223
MA0802.1	81750	0.77397400479668	0.0545380097798371
MA0803.1	81750	0.803587638365831	0.059815478690742
MA0804.1	81750	0.661516360923113	0.0449667596462653
MA0805.1	81750	0.800973097769291	0.0617453770560704
MA0806.1	81750	0.833884189592228	0.0541943460408482
MA0807.1	81750	0.843858983613073	0.0523408754059563
MA0808.1	81750	0.840731224227032	0.0599947174183551
MA0810.1	81750	0.838768654524011	0.0620249019859163
MA0811.1	81750	0.823620024310484	0.0589573957256745
MA0812.1	81750	0.816789572209398	0.0659676426510939
MA0813.1	81750	0.777366136019212	0.0677287156259032
MA0524.2	81750	0.819895901817822	0.0583306475092168
MA0815.1	81750	0.769407221537064	0.0711396827276432
MA0816.1	81750	0.805757642395483	0.0587706832513832
MA0461.2	81750	0.798745313843908	0.0538326869926022
MA0464.2	81750	0.773651167841573	0.0645004433348283
MA0817.1	81750	0.735432720730415	0.0611834447851403
MA0820.1	81750	0.834259995719852	0.0563220781097991
MA0822.1	81750	0.696673647968516	0.0616645960349609
MA0823.1	81750	0.765848549127708	0.0697716523538372
MA0058.3	81750	0.785830904057704	0.0660289156709382
MA0825.1	81750	0.79923102788016	0.0627947871001779
MA0826.1	81750	0.748585027233405	0.0602654956847888
MA0827.1	81750	0.796928014303862	0.0513403574233317
MA0832.1	81750	0.709300238162122	0.0535900916496105
MA0834.1	81750	0.699528397930113	0.0625183082265538
MA0838.1	81750	0.74899263534483	0.0550385104846796
MA0839.1	81750	0.710930928503401	0.0469285500593989
MA0840.1	81750	0.727938347697319	0.0655814498995163
MA0117.2	81750	0.78890088434952	0.0524960818500122
MA0841.1	81750	0.727454296815473	0.0614567144025334
MA0843.1	81750	0.745246134817332	0.0647249816396869
MA0844.1	81750	0.728300177677785	0.046316406663436
MA0845.1	81750	0.767906974636595	0.080273059005474
MA0032.2	81750	0.797038043027641	0.0803636371245991
MA0846.1	81750	0.789843818506586	0.0803416335672063
MA0848.1	81750	0.839132028896926	0.0742247992744879
MA0849.1	81750	0.82180287662859	0.0764222573829944
MA0850.1	81750	0.88380944886005	0.0569809571026392
MA0851.1	81750	0.750980457387581	0.0761281596482483
MA0853.1	81750	0.712227564280331	0.0641436872910904
MA0854.1	81750	0.714072556886645	0.069003856500539
MA0855.1	81750	0.691829444378602	0.0482366422689257
MA0856.1	81750	0.702591767329409	0.0476110092584518
MA0857.1	81750	0.659243219647337	0.0524888221235476
MA0858.1	81750	0.67656046917092	0.0471812921586377
MA0859.1	81750	0.679028303810015	0.0524423302283093
MA0860.1	81750	0.66893741645595	0.047517009373049
MA0525.2	81750	0.675940499422645	0.0436885048172877
MA0106.3	81750	0.685856774545754	0.0413889671551666
MA0861.1	81750	0.719594432477443	0.0428506984321576
MA0862.1	81750	0.782405984127609	0.0552063469248379
MA0863.1	81750	0.703116296018199	0.043176453101154
MA0024.3	81750	0.73896676915131	0.0515157804575011
MA0866.1	81750	0.666331120825899	0.0629724253159445
MA0870.1	81750	0.666606445754059	0.0623843714392612
MA0872.1	81750	0.763307134675091	0.0728782480095051
MA0028.2	81750	0.77026281807595	0.0617418343760745
MA0873.1	81750	0.756179096292286	0.0587032001167092
MA0874.1	81750	0.705589557042741	0.0647929766160892
MA0875.1	81750	0.846796268011906	0.0792968773077447
MA0876.1	81750	0.853670135478354	0.0747354154389286
MA0880.1	81750	0.837681030301095	0.0808080015929501
MA0881.1	81750	0.840407206798601	0.0772958528848602
MA0882.1	81750	0.837669873424572	0.0797361820305245
MA0883.1	81750	0.758624904963118	0.0543020180211971
MA0886.1	81750	0.792419607725101	0.0771438679460609
MA0887.1	81750	0.826481929852333	0.0660402308341778
MA0888.1	81750	0.823091457222709	0.0665126740281733
MA0889.1	81750	0.785847718544164	0.0734283339458129
MA0890.1	81750	0.798839288453633	0.0801407304836062
MA0891.1	81750	0.821729552220311	0.0585155321632351
MA0892.1	81750	0.839100648229396	0.0635192522330286
MA0894.1	81750	0.793182834588186	0.0842561490604958
MA0895.1	81750	0.804485555635276	0.0578134320729442
MA0896.1	81750	0.733581684229865	0.0544015688297211
MA0897.1	81750	0.711193640160524	0.0600588489449035
MA0898.1	81750	0.709141625995843	0.060820934516818
MA0899.1	81750	0.7920823556175	0.0813426434205819
MA0903.1	81750	0.840572642451051	0.0746614830190839
MA0905.1	81750	0.799304751078651	0.0710841839090196
MA0906.1	81750	0.74754755621869	0.0619889567542328
MA0907.1	81750	0.748439097752973	0.0664352016561754
MA0908.1	81750	0.78314646353967	0.0717091492097385
MA0911.1	81750	0.771733082024939	0.0603289327913682
MA0914.1	81750	0.837595986543513	0.06014231235637
MA0852.2	81750	0.762332246180651	0.0653845915960344
MA0036.3	81750	0.786210551571537	0.0734855220446806
MA1106.1	81750	0.795103886841555	0.0650778289668927
MA0147.3	81750	0.769930250137816	0.0652401658070979
MA0100.3	81750	0.835226161531857	0.0598038128503406
MA0104.4	81750	0.75171720388302	0.0638789471744685
MA1109.1	81750	0.794751856140664	0.0537894116887541
MA0161.2	81750	0.801040119843751	0.0630745461685972
MA0060.3	81750	0.785449417374621	0.0644590680503283
MA1111.1	81750	0.790942819904198	0.064739173482604
MA0014.3	81750	0.781467908121045	0.056240553955724
MA1114.1	81750	0.727419118733011	0.05208240518574
MA1115.1	81750	0.776376082666958	0.084502151820381
MA1116.1	81750	0.852263666358995	0.0648235644196863
MA1117.1	81750	0.788152406311779	0.0567614909338204
MA1118.1	81750	0.760167890666344	0.0573461206875928
MA1119.1	81750	0.712250787504989	0.0532538441172336
MA0442.2	81750	0.816463248756377	0.0720649573760243
MA1120.1	81750	0.798713013610566	0.0713879205025359
MA1121.1	81750	0.771774666836419	0.0570182974344887
MA1122.1	81750	0.806825253022547	0.0747207261829865
MA0750.2	81750	0.793236047306712	0.0644539092544577
MA0103.3	81750	0.839811257174624	0.0652625648103616
MA1124.1	81750	0.677260908557493	0.0652777448425401
MA1125.1	81750	0.755005040906968	0.132756147614387
MA1154.1	81750	0.713771405533626	0.0418389044658665
MA1155.1	81750	0.704589088511515	0.0476085281120013
MA0099.3	81750	0.782903637307949	0.0625342103936918
MA1126.1	81750	0.725329943949595	0.0537010917158356
MA1127.1	81750	0.72625593805127	0.0633789944597927
MA1128.1	81750	0.771125515649837	0.0613581919491138
MA1129.1	81750	0.739076538927794	0.0629369666236685
MA1130.1	81750	0.777309211728388	0.0624639787909338
MA1131.1	81750	0.750773875420806	0.0621509357692585
MA1132.1	81750	0.792227809855026	0.0564298485457957
MA1133.1	81750	0.744527417135192	0.0584891324741027
MA1134.1	81750	0.761323969660378	0.0625242300651905
MA1135.1	81750	0.775603278613968	0.0644758127920449
MA1136.1	81750	0.75468655414256	0.0600991918230965
MA1137.1	81750	0.770342243113266	0.0597611247978361
MA1138.1	81750	0.769902495394729	0.0668101398567167
MA1139.1	81750	0.720835793536343	0.0654649947407268
MA1141.1	81750	0.762472993142825	0.0611034995659681
MA1142.1	81750	0.807474011379511	0.0594532597496303
MA1143.1	81750	0.784162923395169	0.0575795932646418
MA1144.1	81750	0.771968491795894	0.064373263068571
MA1145.1	81750	0.73019665163758	0.0596624983172159
MA1146.1	81750	0.735020678636235	0.0402741847107423
MA1147.1	81750	0.749969820736003	0.0402542576147171
MA1148.1	81750	0.736853790617134	0.0393704897241733
MA1149.1	81750	0.765840371049027	0.0423945651728869
MA1150.1	81750	0.800709502836856	0.052181369724854
MA1151.1	81750	0.806717072690111	0.0481970826697223
MA1152.1	81750	0.838358275004941	0.075608715382915
MA1153.1	81750	0.822083857158456	0.060244100946475
MA1418.1	81750	0.676954120535005	0.0503466669875334
MA1419.1	81750	0.672866131858589	0.0499388711291379
MA1420.1	81750	0.720558002749717	0.0444313692700602
MA1421.1	81750	0.740058809371825	0.0568185153171341
MA1463.1	81750	0.739179310258106	0.092818126935385
MA1464.1	81750	0.766628517122126	0.0660958291249233
MA1466.1	81750	0.709095514675498	0.0484969509257402
MA1468.1	81750	0.827452008921394	0.0449005129397081
MA1101.2	81750	0.685475933276841	0.0541556803800172
MA1470.1	81750	0.674283044697287	0.0483137470538146
MA1471.1	81750	0.783858520621721	0.0858916149222427
MA1473.1	81750	0.762966032629957	0.0721681711244457
MA1474.1	81750	0.766180678166915	0.0499261122083455
MA1475.1	81750	0.752225413100955	0.0552098730184393
MA1478.1	81750	0.781930885409692	0.058793148837039
MA1479.1	81750	0.751956634473779	0.0617709250666563
MA1480.1	81750	0.776760366429578	0.0600718888580136
MA1481.1	81750	0.825367532025669	0.0831616830362255
MA1484.1	81750	0.81638180923555	0.055443508676311
MA1485.1	81750	0.741103492810545	0.0511791345795884
MA1489.1	81750	0.729639143730887	0.0897472604378296
MA1493.1	81750	0.772836631192942	0.0492163925994767
MA1494.1	81750	0.700721930271143	0.046576083661001
MA1495.1	81750	0.838971022669875	0.0700824442324837
MA1496.1	81750	0.870793945676201	0.0553829149062815
MA1497.1	81750	0.821568011771955	0.0601850909220167
MA1499.1	81750	0.822602422561811	0.0811055995383825
MA1500.1	81750	0.861249761419867	0.0595235419258726
MA1501.1	81750	0.809389659331914	0.0552122211504388
MA1502.1	81750	0.835522166473493	0.073821928008219
MA1503.1	81750	0.760219080243602	0.0661758708673679
MA1504.1	81750	0.849755294734596	0.0789343154229648
MA1505.1	81750	0.844120810717007	0.0667567452957333
MA1506.1	81750	0.746754380242308	0.0606258044402619
MA1507.1	81750	0.841914962797095	0.0801556790315796
MA1508.1	81750	0.799994716150679	0.0587363989916414
MA1509.1	81750	0.76178426868181	0.0522284948733139
MA1512.1	81750	0.82406442827314	0.0730333720128602
MA1513.1	81750	0.799310709097767	0.115633439411782
MA1514.1	81750	0.74759618759002	0.0585105135604677
MA1515.1	81750	0.853233001492973	0.0766337380033336
MA1516.1	81750	0.807437010756941	0.0713454590079109
MA1517.1	81750	0.841940780889315	0.0700365908723624
MA1519.1	81750	0.795379143376896	0.0859853139354365
MA1520.1	81750	0.727441684965175	0.044428360642711
MA1521.1	81750	0.735945569193012	0.0455736542425051
MA1522.1	81750	0.826964352468961	0.0919096113344304
MA1523.1	81750	0.818962480983172	0.052687322205757
MA1527.1	81750	0.711230297823338	0.0561995141854134
MA1528.1	81750	0.72414143916857	0.0568689953255137
MA1529.1	81750	0.705573048609524	0.0540742243302281
MA1530.1	81750	0.825517502463358	0.0689353808496272
MA1531.1	81750	0.749320699264342	0.0441053412546015
MA1533.1	81750	0.762534950173907	0.0377236163215182
MA1534.1	81750	0.81414669255287	0.0591420483354012
MA1535.1	81750	0.876922101723866	0.0600929145744204
MA1536.1	81750	0.923161028137244	0.0432008576635641
MA1537.1	81750	0.727393869324352	0.0443790773407951
MA1538.1	81750	0.709687174697314	0.0461803185807554
MA1539.1	81750	0.69410995872424	0.0470514169596306
MA1541.1	81750	0.724459250565649	0.0450476035487016
MA1542.1	81750	0.806464532347646	0.0499708902558787
MA1544.1	81750	0.718681125700584	0.0527615828649861
MA1545.1	81750	0.755932538814092	0.0505500228037569
MA1546.1	81750	0.727537736250881	0.0396439927178267
MA1548.1	81750	0.800447916392246	0.0829251267456324
MA1549.1	81750	0.806251017064465	0.0648207577229777
MA1550.1	81750	0.727355783913523	0.0438779327782726
MA1552.1	81750	0.73067274186491	0.0436521572961155
MA1553.1	81750	0.717304601242774	0.0449527876785246
MA1554.1	81750	0.861114149004759	0.0418257582092697
MA1555.1	81750	0.738443103656654	0.0458004002759491
MA1556.1	81750	0.73318719280953	0.0486471299752606
MA1557.1	81750	0.752085880255015	0.0492843026953269
MA1558.1	81750	0.844682408978274	0.0588245767528139
MA1559.1	81750	0.805892395012262	0.0578714778692747
MA1560.1	81750	0.765022156691103	0.0637392981874789
MA1561.1	81750	0.737300625801199	0.0545606292815704
MA1562.1	81750	0.751790213454121	0.0596735659181941
MA1564.1	81750	0.822619591132403	0.0779364610812927
MA1565.1	81750	0.78710615524729	0.049741050973867
MA1568.1	81750	0.789034756397621	0.0421308941155588
MA1569.1	81750	0.833631771512614	0.0778802216530516
MA1570.1	81750	0.835189936471184	0.053080733132472
MA1571.1	81750	0.722867878699363	0.0501490035583407
MA1572.1	81750	0.730426955646741	0.0496095514291156
MA1574.1	81750	0.774499398007293	0.0402590329481522
MA1575.1	81750	0.711530948815601	0.0451347285241437
MA1576.1	81750	0.715896007399445	0.0393426826458006
MA1577.1	81750	0.802874506393308	0.100880744179597
MA1578.1	81750	0.825661467546021	0.0741316268023875
MA1579.1	81750	0.793683293959652	0.0605094769870989
MA1580.1	81750	0.749451393790305	0.0683608268219991
MA1581.1	81750	0.793265123807711	0.0588395798121652
MA1583.1	81750	0.787111463509254	0.0620459720564168
MA1584.1	81750	0.742405388549276	0.0570388288399217
MA1585.1	81750	0.760666002883337	0.0539506648451167
MA1587.1	81750	0.756389148379839	0.0631812613775536
MA1588.1	81750	0.704405851052233	0.050238539130153
MA1589.1	81750	0.664613483376082	0.0405290674961019
MA1592.1	81750	0.751091463717178	0.0442671916176106
MA1593.1	81750	0.769478876153006	0.0567248245019243
MA1594.1	81750	0.662102392977037	0.0358082495058958
MA1596.1	81750	0.743067774007889	0.0837158190746641
MA1597.1	81750	0.67869804612559	0.0450401832394195
MA1599.1	81750	0.730454107500599	0.0620936147145217
MA1600.1	81750	0.703254890359666	0.0399244757281882
MA1602.1	81750	0.755734828072039	0.0480443981197355
MA1603.1	81750	0.730967037859121	0.0673812786659499
MA1604.1	81750	0.760309386743505	0.0623358026862734
MA1606.1	81750	0.778107838325327	0.085747145859799
MA1607.1	81750	0.743892157930283	0.0811093610827395
MA1608.1	81750	0.7860659274162	0.0673086923538598
MA1615.1	81750	0.786717423553821	0.0714574094970672
MA1616.1	81750	0.745546024189248	0.0487937093285659
MA1618.1	81750	0.788274702354096	0.0591377820496914
MA1619.1	81750	0.792615939742121	0.0646553649097586
MA1620.1	81750	0.801767062547157	0.0612419585184262
MA1621.1	81750	0.800293041781806	0.0593134031218103
MA1623.1	81750	0.756705040275605	0.0788503791104161
MA1624.1	81750	0.770673797965137	0.0640445564833324
MA1625.1	81750	0.754515030053463	0.0645738240309995
MA1627.1	81750	0.788671428074964	0.0719729000130122
MA1628.1	81750	0.83446207144452	0.0629311128591583
MA1629.1	81750	0.773160950062066	0.0565637805517228
MA1100.2	81750	0.843457962562096	0.0575833652287103
MA0605.2	81750	0.707828520663676	0.065561108336192
MA0462.2	81750	0.759438961630953	0.0704165695819088
MA0463.2	81750	0.712040633108609	0.04689526162608
MA0864.2	81750	0.726638733047382	0.0482351179280331
MA0469.3	81750	0.666654886259484	0.0456853750579413
MA0470.2	81750	0.717252583024649	0.0490587464290912
MA0612.2	81750	0.801327735952528	0.0798530108951764
MA0766.2	81750	0.817619852517874	0.0633356841738108
MA0038.2	81750	0.769928246904322	0.0551017292422234
MA0893.2	81750	0.864273405140559	0.0619446858287597
MA1099.2	81750	0.810888929786302	0.0735556282316157
MA0616.2	81750	0.766115781917061	0.0725334271245522
MA0900.2	81750	0.798702744833698	0.0833641493548755
MA0158.2	81750	0.834505478351965	0.064810323686131
MA0594.2	81750	0.834304061014119	0.0514798615536309
MA0902.2	81750	0.843366607669082	0.0708695200048405
MA0904.2	81750	0.823302478981061	0.0700449210618636
MA0485.2	81750	0.749621121023792	0.0677161409254593
MA0912.2	81750	0.787604072132498	0.072695689257203
MA0910.2	81750	0.831420290634259	0.0718552679713579
MA0913.2	81750	0.782035015663728	0.0800864936685861
MA1140.2	81750	0.690191208799018	0.0615465357055241
MA0701.2	81750	0.796168168753728	0.0804522123100499
MA0702.2	81750	0.759972018721548	0.0951173247760877
MA0703.2	81750	0.707430949166552	0.103353117863478
MA0623.2	81750	0.766889213721139	0.0562825786687124
MA0842.2	81750	0.755121470476518	0.0528013712189643
MA0682.2	81750	0.814419124247018	0.0745938419900217
MA0075.3	81750	0.775886023113001	0.0934574917303392
MA0867.2	81750	0.833680015452328	0.064780035318523
MA0868.2	81750	0.800356523361346	0.0690318075093584
MA0746.2	81750	0.81100220947145	0.0762299782470812
MA0632.2	81750	0.795081327416382	0.0716818355342392
MA0871.2	81750	0.760622945241337	0.0631559649303769
MA0753.2	81750	0.760172023968496	0.0780086585091191
MA0122.3	81750	0.746356075025519	0.0675208806011076
MA1707.1	81750	0.771223500733365	0.0638536583163472
MA1708.1	81750	0.826398899850801	0.0558090131469236
MA1709.1	81750	0.740827073198623	0.0643443997367469
MA1710.1	81750	0.848784688245985	0.057444665994087
MA1711.1	81750	0.719324226137389	0.0504910108811154
MA1712.1	81750	0.758461747446595	0.0618395560054393
MA1713.1	81750	0.755955060488075	0.0887468022161826
MA1714.1	81750	0.718222374463322	0.0386775204758491
MA1715.1	81750	0.703495678072463	0.046597450250631
MA1716.1	81750	0.714252893686888	0.0434210353398814
MA1717.1	81750	0.760604007280635	0.0521437993778424
MA1718.1	81750	0.637269513033173	0.0507410009419577
MA1719.1	81750	0.713396421700349	0.0511245359579127
MA1720.1	81750	0.727449084312466	0.0527187638220869
MA1721.1	81750	0.735203098751815	0.0776781293691937
MA1722.1	81750	0.683637555272392	0.0384728733698334
MA1723.1	81750	0.776360383820106	0.0532187351286746
MA1724.1	81750	0.760400802098701	0.0532699429387321
MA1631.1	81750	0.805814212365197	0.0636722268873408
MA1632.1	81750	0.751904853723799	0.0680049757220177
MA1634.1	81750	0.760843615867915	0.0708978346170687
MA1635.1	81750	0.817356088262675	0.0790241899864499
MA1636.1	81750	0.738267194030771	0.0634116801984335
MA1637.1	81750	0.75892850166789	0.0647417972440152
MA1638.1	81750	0.832701163456666	0.0608937476788583
MA1639.1	81750	0.752160080956156	0.0714159637919295
MA1640.1	81750	0.724787343936883	0.0755752034456939
MA1641.1	81750	0.783823753284212	0.0635741188429839
MA1642.1	81750	0.801962196301702	0.056515686874423
MA1643.1	81750	0.682443942966778	0.0516403182609922
MA1644.1	81750	0.78393724167447	0.066101032424007
MA1645.1	81750	0.783732669111996	0.0527501538562551
MA1646.1	81750	0.806169787581043	0.0574984107788289
MA1648.1	81750	0.835879909601596	0.0664340171424792
MA1649.1	81750	0.808157637670843	0.0604202357268858
MA1650.1	81750	0.776154519585946	0.0831467201324094
MA1651.1	81750	0.704556785665527	0.0527966657298958
MA1652.1	81750	0.787567372563177	0.0574547472423563
MA1653.1	81750	0.799605489749783	0.0939468274892424
MA1654.1	81750	0.677887488135302	0.0367942986607897
MA1655.1	81750	0.789152060892501	0.05692750171509
MA1656.1	81750	0.768172139145678	0.0575575585012926
MA1657.1	81750	0.734866074551974	0.0671235169774611
MA1683.1	81750	0.780604930660499	0.0802964090014658
MA1725.1	81750	0.774108636186079	0.0523454680789502
MA1726.1	81750	0.752450335731618	0.0554887123934461
MA1727.1	81750	0.759151682586531	0.0623598398483141
MA1728.1	81750	0.803205344714641	0.0607274205292848
MA1729.1	81750	0.732127586398265	0.0546687413777485
MA1730.1	81750	0.759076157360166	0.0507361439518992
MA1731.1	81750	0.767912245397068	0.0465543440956806
MA0833.2	81750	0.73887924849819	0.0626227080795037
MA0835.2	81750	0.759921142816589	0.0695080293618704
MA0465.2	81750	0.753957037215715	0.0801179790148714
MA0102.4	81750	0.737145525518845	0.0662777916153241
MA0836.2	81750	0.748868797117757	0.0653032136597365
MA0018.4	81750	0.757705168579255	0.0736083853635263
MA1102.2	81750	0.797037825882353	0.0768619037537558
MA0471.2	81750	0.813312213763964	0.0678243034694303
MA0154.4	81750	0.744890341883223	0.0591230041762064
MA0162.4	81750	0.767645703497706	0.0829483282175053
MA0598.3	81750	0.771078556260423	0.0575331781707823
MA0473.3	81750	0.774397015558106	0.0580281447146953
MA0640.2	81750	0.788198199868937	0.0564609423279017
MA0592.3	81750	0.745941864701786	0.0574556421525998
MA0761.2	81750	0.78138632846861	0.0582853520408672
MA0477.2	81750	0.751626916132035	0.0680228317619435
MA0148.4	81750	0.756670064021993	0.0787985794137079
MA0047.3	81750	0.778211355711998	0.080498592565113
MA1103.2	81750	0.778071947653921	0.0808312511060159
MA0481.3	81750	0.783486753189195	0.0821429017087078
MA0062.3	81750	0.77439235454529	0.0570627797188502
MA0035.4	81750	0.778456729562703	0.0718443762958087
MA0482.2	81750	0.772098236287477	0.0644699472194522
MA1104.2	81750	0.749380605724525	0.0732551707874023
MA1105.2	81750	0.753778152517969	0.0598130314183774
MA0043.3	81750	0.744339891643668	0.0700033273791708
MA0114.4	81750	0.749504475551639	0.0589898909028038
MA0484.2	81750	0.754747346102309	0.057860752339187
MA0901.2	81750	0.734767641980738	0.092541082220366
MA0490.2	81750	0.737388932212458	0.0701472601818196
MA0491.2	81750	0.740759932727797	0.0690538684285236
MA0039.4	81750	0.833569178495612	0.0835114653701194
MA1107.2	81750	0.755663568066421	0.0693705181863282
MA0700.2	81750	0.768314159445749	0.0859945826014177
MA0495.3	81750	0.719809311776732	0.0592890928768475
MA0496.3	81750	0.71902183855201	0.0587863446616077
MA0052.4	81750	0.736161072910093	0.0919084791868243
MA0620.3	81750	0.72373851260972	0.0571386506590841
MA1108.2	81750	0.831613893328878	0.0699509527318271
MA0499.2	81750	0.794414018698381	0.0563996106021401
MA0500.2	81750	0.788149636200449	0.0722121479161061
MA0056.2	81750	0.785941583940433	0.0551176544053922
MA0089.2	81750	0.71415610741181	0.0524957054875608
MA0025.2	81750	0.742407256648381	0.0773579210419701
MA0502.2	81750	0.769823557518784	0.0602570431843152
MA0063.2	81750	0.80270031095393	0.0611540246599078
MA1112.2	81750	0.788497881537878	0.064527398105131
MA0679.2	81750	0.685869017742578	0.0908858877738231
MA0712.2	81750	0.791687256827482	0.0702201401755188
MA1113.2	81750	0.734699458259537	0.0808723019009706
MA0681.2	81750	0.669740146986666	0.105265955085599
MA0782.2	81750	0.739937462014185	0.0564453650175499
MA0627.2	81750	0.736975340082039	0.0836412620016633
MA0508.3	81750	0.812238080421563	0.0660541463165561
MA0684.2	81750	0.79370900632323	0.0616169004771137
MA0743.2	81750	0.733736324955027	0.0513697390046923
MA0744.2	81750	0.737531638406593	0.0505112944495506
MA0745.2	81750	0.783834220072981	0.0609987833363211
MA0143.4	81750	0.794404601322523	0.0705303868164096
MA0081.2	81750	0.748102056880876	0.0519952089001741
MA0829.2	81750	0.741613427130138	0.0588429688513025
MA0522.3	81750	0.836360408389279	0.0652931142781912
MA0830.2	81750	0.804180197618707	0.0641228989523715
MA0769.2	81750	0.792866742317168	0.0700252448618761
MA0090.3	81750	0.764060628463774	0.0588574923023074
MA0809.2	81750	0.782431428924697	0.0595741611032555
MA0003.4	81750	0.78042927075458	0.0684213716355674
MA0814.2	81750	0.786634130871924	0.0720340293735974
MA1123.2	81750	0.78702962843994	0.0574598500549817
MA0093.3	81750	0.743894489610132	0.0566732674562974
MA0748.2	81750	0.785733141968177	0.067922096252373
MA0528.2	81750	0.814311668148412	0.0744308677839069
MA0609.2	81750	0.696658042678439	0.0608434585780706
MA1684.1	81750	0.912708652372088	0.0768653132910422
MA1928.1	81750	0.771364277780633	0.0675224738263209
MA1929.1	81750	0.662214773817551	0.0417580893119607
MA1930.1	81750	0.65588127667332	0.040247148955325
MA1931.1	81750	0.706453501811914	0.0483909957612754
MA1932.1	81750	0.704838909995568	0.0424513205705192
MA1933.1	81750	0.718205920019634	0.0444900416185254
MA1934.1	81750	0.750674093668492	0.0485686811237755
MA1935.1	81750	0.800126580279875	0.0444259199905107
MA1936.1	81750	0.812893688841533	0.0404867971801098
MA1937.1	81750	0.768535701565792	0.0431897252486893
MA1938.1	81750	0.734659735227147	0.0432393754643439
MA1939.1	81750	0.712635208897973	0.0394693602768405
MA1940.1	81750	0.736429444040253	0.0476633032991579
MA1941.1	81750	0.737347265386315	0.0473837932370702
MA1942.1	81750	0.766157943553178	0.0466283064255733
MA1943.1	81750	0.740497005292197	0.045520948985226
MA1944.1	81750	0.754137584775974	0.0434382540871713
MA1945.1	81750	0.747491958924967	0.0496860871907921
MA1946.1	81750	0.786429915417889	0.0418474865355501
MA1947.1	81750	0.803939733457677	0.0434330110037677
MA1948.1	81750	0.759477697759039	0.0414428553384963
MA1949.1	81750	0.724639320071165	0.0430577835863474
MA1950.1	81750	0.765975810888419	0.0512712062086695
MA1951.1	81750	0.695983238680705	0.0566853346314576
MA1952.1	81750	0.781932458895297	0.0515633742246407
MA1953.1	81750	0.773743398622086	0.0487326092971553
MA1954.1	81750	0.767074334858805	0.0511173538855163
MA1955.1	81750	0.761663328109677	0.0507283906619501
MA1956.1	81750	0.752042949439461	0.050052667574634
MA1957.1	81750	0.721169210952568	0.0460503410067169
MA1958.1	81750	0.697472636163702	0.0454923687125758
MA1959.1	81750	0.863382926820993	0.0926817813310588
MA1960.1	81750	0.75590268232478	0.0557864125043628
MA1961.1	81750	0.834459676398781	0.0959385982169771
MA1962.1	81750	0.702745961325977	0.064768393103471
MA1963.1	81750	0.735225361033844	0.0917277803395882
MA1964.1	81750	0.841674082553146	0.0611159401674093
MA1965.1	81750	0.868010501330572	0.0879173904543504
MA1966.1	81750	0.758502273241244	0.0493641746909201
MA1967.1	81750	0.698959960517672	0.0485327926280855
MA1968.1	81750	0.775061651959506	0.0502911152749016
MA1969.1	81750	0.696204905083218	0.0401215852005431
MA1970.1	81750	0.757929642997476	0.0742934196165162
MA1971.1	81750	0.778940574455062	0.0507693099734383
MA1972.1	81750	0.799564649509472	0.0502170702584686
MA1973.1	81750	0.708660493484451	0.0484480847191185
MA1974.1	81750	0.698095916957991	0.070409308577138
MA1975.1	81750	0.745999777085943	0.0453226621552165
MA1976.1	81750	0.722266230874762	0.0528091298792428
MA1977.1	81750	0.733823956007757	0.0397302945164722
MA1978.1	81750	0.712848650008749	0.0703828509498092
MA1979.1	81750	0.782249754600426	0.0550201410334132
MA1980.1	81750	0.750340012948843	0.04337864322668
MA1981.1	81750	0.761688031495615	0.063046964594846
MA1982.1	81750	0.762407234951634	0.0510658373581057
MA1983.1	81750	0.642551630983143	0.0412946465944728
MA1984.1	81750	0.776643397194574	0.0450321544378628
MA1985.1	81750	0.723091651869338	0.0515106176406457
MA1986.1	81750	0.814854807854789	0.0779011254067654
MA1987.1	81750	0.761814600067853	0.0461985621203385
MA1988.1	81750	0.786258141812344	0.0686863542165589
MA1989.1	81750	0.747567662333057	0.0626746995122078
MA1990.1	81750	0.76073345904371	0.0540054293106237
MA1991.1	81750	0.771979116788242	0.0540617898897417
MA1992.1	81750	0.778280435850265	0.0547843697521269
MA1993.1	81750	0.829931766892514	0.075689473914128
MA1994.1	81750	0.773624733687127	0.0624209795097248
MA1995.1	81750	0.784371824847176	0.05446397636252
MA1996.1	81750	0.825225245236283	0.0687142530668621
MA1997.1	81750	0.830688251148261	0.0771107239615413
MA1998.1	81750	0.763587907236301	0.052115995073799
MA1999.1	81750	0.740843738156375	0.0474389781304116
MA2001.1	81750	0.780828502464895	0.0607809839290531
MA2002.1	81750	0.844579639831389	0.0534176465298744
MA2003.1	81750	0.855272394713805	0.0460889520720081
MA0037.4	81750	0.77274865477841	0.0698335616244325
MA0041.2	81750	0.744096469217233	0.0781794004350944
MA0050.3	81750	0.728874344010462	0.069598500719276
MA0067.2	81750	0.74804465749477	0.0384767047488772
MA0078.2	81750	0.756241425598739	0.0627479074974716
MA0079.5	81750	0.843417250294407	0.100513615361858
MA0080.6	81750	0.734775178386675	0.0544442623628953
MA0087.2	81750	0.778634405259545	0.0555389177946582
MA0095.3	81750	0.775788978122905	0.0672516947549605
MA0136.3	81750	0.809001454683223	0.0596942441114219
MA0152.2	81750	0.753408239161264	0.0667637161762361
MA0156.3	81750	0.766863768334056	0.057634574151
MA0157.3	81750	0.786880149193467	0.0762048801513677
MA0160.2	81750	0.814826084113697	0.0552745315726854
MA0466.3	81750	0.705365106020304	0.0525180901870092
MA0467.2	81750	0.801658733940294	0.0817357311317727
MA0474.3	81750	0.784815389660459	0.056440242604312
MA0480.2	81750	0.79821482799128	0.0720671236285401
MA0489.2	81750	0.771830914203304	0.0688333535404689
MA0493.2	81750	0.875649924494037	0.0902017173038111
MA0505.2	81750	0.742576720010988	0.0547947668251886
MA0506.2	81750	0.73118474951787	0.0797405937505082
MA0507.2	81750	0.691483127077802	0.0785900995585785
MA0509.3	81750	0.674016937889445	0.0517699926149022
MA0514.2	81750	0.806963255488536	0.0686611406122671
MA0516.3	81750	0.85894238393801	0.0906643100349604
MA0521.2	81750	0.803929664982708	0.0712299394532012
MA0526.4	81750	0.720797854030243	0.0610188581990793
MA0606.2	81750	0.781514369431284	0.0682745889812026
MA0607.2	81750	0.744788958655436	0.0554398420504798
MA0611.2	81750	0.696658157044103	0.0727122758065425
MA0624.2	81750	0.797338313234156	0.0701298830235689
MA0625.2	81750	0.884442735816065	0.0512152282421784
MA0633.2	81750	0.831613397095085	0.0802388643820718
MA0642.2	81750	0.833979010518079	0.0723668229709432
MA0644.2	81750	0.817125475412941	0.0808291633303162
MA0650.3	81750	0.771912169279184	0.0799791182422767
MA0651.2	81750	0.707968084188434	0.0596769984241732
MA0659.3	81750	0.711332226129894	0.0539505958028711
MA0666.2	81750	0.814934015078653	0.0814163481057163
MA0668.2	81750	0.78264654892591	0.0513564038658968
MA0680.2	81750	0.677498336680056	0.0957042959263373
MA0685.2	81750	0.859300278750403	0.092193413647953
MA0690.2	81750	0.758455627152942	0.0506437507547514
MA0693.3	81750	0.80369310863051	0.068482860172563
MA0697.2	81750	0.783177072669423	0.0628433834134153
MA0707.2	81750	0.848903677516103	0.0766579247013646
MA0708.2	81750	0.823112489767139	0.0773032697471773
MA0723.2	81750	0.873047111066771	0.0659450362468268
MA0734.3	81750	0.777048858736487	0.0554944358560025
MA0740.2	81750	0.864821385653357	0.0873410375443153
MA0742.2	81750	0.843166134783739	0.095388035239402
MA0754.2	81750	0.731796298408676	0.0667068859944371
MA0756.2	81750	0.758066476528813	0.0602701683442672
MA0759.2	81750	0.772480281820917	0.0625481239188789
MA0764.3	81750	0.799943774267392	0.0592861773161197
MA0765.3	81750	0.770991031333958	0.0610578867499229
MA0768.2	81750	0.749929531769481	0.0603384209692201
MA0784.2	81750	0.680548139930499	0.0752307059107397
MA0798.3	81750	0.677813766981035	0.0503121526009745
MA0799.2	81750	0.681098363205226	0.0502542906197726
MA0818.2	81750	0.761175724026774	0.0557252799352534
MA0819.2	81750	0.807947911634913	0.0557959781978638
MA0821.2	81750	0.782628927911295	0.0635057890478984
MA0828.2	81750	0.69585289808943	0.0587597911251326
MA0831.3	81750	0.729093603392391	0.0622186648489221
MA0837.2	81750	0.710091378303673	0.052748635843138
MA0847.3	81750	0.777193445548905	0.0721273271303641
MA0865.2	81750	0.772435073679855	0.0515732663217261
MA0869.2	81750	0.802099194221753	0.058050304124271
MA0877.3	81750	0.793327117459586	0.0666356656492152
MA0878.3	81750	0.769245706973694	0.0713092400657346
MA0879.2	81750	0.856411356830105	0.069770547709401
MA0884.2	81750	0.728956742693959	0.0718749732563868
MA0885.2	81750	0.759858196622957	0.0687156406505091
MA0909.3	81750	0.776161284950721	0.0899509051073135
MA1110.2	81750	0.845657500100471	0.066582690527785
MA1467.2	81750	0.808035677486099	0.0591341271741601
MA1472.2	81750	0.791016476330201	0.0602610320317411
MA1476.2	81750	0.760700427027769	0.0700885357362211
MA1483.2	81750	0.783987693646112	0.0532856265860293
MA1487.2	81750	0.764692300687793	0.0739932149280576
MA1491.2	81750	0.702187156728014	0.0465817687148931
MA1498.2	81750	0.853503153535691	0.0690461865480639
MA1511.2	81750	0.852240461516036	0.0912869309883504
MA1518.2	81750	0.689992107882712	0.0612165326878849
MA1524.2	81750	0.755880121438094	0.0501817235192292
MA1525.2	81750	0.819365678608012	0.0630408541418372
MA1532.2	81750	0.723301296511871	0.0428999469582082
MA1547.2	81750	0.805561332726261	0.0704881712704961
MA1563.2	81750	0.873750625968101	0.0621965089967567
MA1566.2	81750	0.777006969543244	0.0521396978151867
MA1567.2	81750	0.785924752592944	0.0522072737133105
MA1573.2	81750	0.704095385294614	0.0566900554220617
MA1601.2	81750	0.751506710202939	0.0470607327518991
MA1630.2	81750	0.814383753366021	0.0892506894739666
MA1633.2	81750	0.762315242232453	0.0661942484856712
MA1647.2	81750	0.732340896203315	0.0486546197388274
MA0597.2	81750	0.809248314451465	0.0645678876675398
MA1540.2	81750	0.706430928842703	0.0528722033421959
