[SHORT TFBS MATRIX]
MA0004.1	37730	0.861028291817516	0.0676057029276723
MA0006.1	37730	0.913296173982865	0.0644805736803104
MA0019.1	37730	0.826123364909075	0.0438923208766051
MA0029.1	37730	0.749395660566262	0.0574028243808072
MA0030.1	37730	0.775972651006385	0.0607740899607529
MA0031.1	37730	0.83439757223536	0.0688742292690161
MA0040.1	37730	0.805483774040766	0.0674109576064893
MA0041.1	37730	0.840157648889901	0.0656107638916779
MA0051.1	37730	0.753209615026922	0.0473186695959241
MA0057.1	37730	0.910001358022918	0.038340615979493
MA0059.1	37730	0.797576881121332	0.0495509792579188
MA0066.1	37730	0.74101889546063	0.0339866658725043
MA0067.1	37730	0.926542457147374	0.0388767045339565
MA0069.1	37730	0.767964594253143	0.0391522788737232
MA0070.1	37730	0.784591280917682	0.0535124476583549
MA0071.1	37730	0.823513076565795	0.0542223140796151
MA0072.1	37730	0.764890007925973	0.0533782391383833
MA0073.1	37730	0.795577238513367	0.0476120404444784
MA0074.1	37730	0.755985345127441	0.0392643378655711
MA0077.1	37730	0.843900666573804	0.0530119881777457
MA0078.1	37730	0.875038560278321	0.056718678095165
MA0084.1	37730	0.874581172797553	0.0623051164299545
MA0087.1	37730	0.86394389899025	0.0748659256061434
MA0091.1	37730	0.812849922260587	0.0476725980883404
MA0092.1	37730	0.880695914578968	0.0387336365129862
MA0101.1	37730	0.869769258314022	0.0447237707530836
MA0107.1	37730	0.826271583380043	0.0533850935869498
MA0108.2	37730	0.819898970972827	0.0575631719143956
MA0109.1	37730	0.944438543440548	0.0292276181926143
MA0111.1	37730	0.866514033746747	0.0312305588795962
MA0115.1	37730	0.674187814861435	0.0446155777461458
MA0116.1	37730	0.826331150754194	0.0432899703791818
MA0119.1	37730	0.738766471520484	0.0499693184115754
MA0125.1	37730	0.857056588734437	0.0648220800137341
MA0130.1	37730	0.962429170650409	0.0375687364778117
MA0135.1	37730	0.777174515003526	0.073995189094564
MA0139.1	37730	0.779459204059808	0.0435075524338665
MA0142.1	37730	0.749121709743389	0.0567976554511108
MA0149.1	37730	0.688846796260219	0.0549996385560198
MA0138.2	37730	0.690270618064191	0.0394235019217454
MA0002.2	37730	0.852388056366738	0.043480606906144
MA0065.2	37730	0.811560844105672	0.0373083701054292
MA0151.1	37730	0.890657837099512	0.0881138622871432
MA0152.1	37730	0.903257893615489	0.0542141854774867
MA0155.1	37730	0.857045277257959	0.0418056643126841
MA0159.1	37730	0.797467061296621	0.0338334603518162
MA0160.1	37730	0.893515763375132	0.0445298675098984
MA0163.1	37730	0.800454311193977	0.0508908597774549
MA0164.1	37730	0.830074262594647	0.0709805124420955
MA0259.1	37730	0.890529735683679	0.0598839003728441
MA0146.2	37730	0.855398941034941	0.0641918759072146
MA0467.1	37730	0.817726100351643	0.047297933064886
MA0468.1	37730	0.799700300339618	0.0625874495472235
MA0476.1	37730	0.819548904865336	0.0609412868644396
MA0478.1	37730	0.822226001471579	0.0559099508731465
MA0479.1	37730	0.820110626920875	0.0567789739877484
MA0480.1	37730	0.831204157111096	0.0561108917834613
MA0483.1	37730	0.836919033249525	0.0512718375275159
MA0488.1	37730	0.794638435209029	0.0549494890857866
MA0489.1	37730	0.800925479498271	0.0544384013814953
MA0492.1	37730	0.794898052466683	0.0538901321138845
MA0493.1	37730	0.865791329246487	0.0504560627591321
MA0494.1	37730	0.79379308041203	0.0348526063936344
MA0497.1	37730	0.802871637760655	0.0650922737824559
MA0501.1	37730	0.745267520202172	0.0476916793272956
MA0503.1	37730	0.853525404892274	0.0418842635122274
MA0504.1	37730	0.823742362366969	0.0379163716344081
MA0505.1	37730	0.778771714538492	0.0459766433556239
MA0506.1	37730	0.844141850299323	0.0705749767751832
MA0507.1	37730	0.779709353897532	0.071204524911625
MA0513.1	37730	0.806406322207708	0.0453480101919256
MA0514.1	37730	0.873430210741565	0.0500416568872073
MA0515.1	37730	0.86317864764462	0.052314081787374
MA0517.1	37730	0.7821400331672	0.055366880227965
MA0518.1	37730	0.832735880800403	0.0493843976620607
MA0519.1	37730	0.84706308012702	0.0509117425415139
MA0520.1	37730	0.809165854614852	0.0537865639351795
MA0521.1	37730	0.86364840775346	0.0540012336343366
MA0523.1	37730	0.813187785616302	0.0498451291275991
MA0527.1	37730	0.772661634897549	0.0542676336217092
MA0076.2	37730	0.852945105621879	0.0549655969271398
MA0258.2	37730	0.800217830722026	0.0406970187947357
MA0050.2	37730	0.746422675753544	0.0595597272374646
MA0150.2	37730	0.746798148010076	0.0460704630612955
MA0137.3	37730	0.825705046828332	0.0550398759237458
MA0144.2	37730	0.857694693896533	0.0496336320781416
MA0140.2	37730	0.762457980563454	0.0500617754508319
MA0095.2	37730	0.796723783220264	0.0596315253983937
MA0591.1	37730	0.766586148984709	0.0432923434286315
MA0593.1	37730	0.825269375606434	0.0675415480470914
MA0595.1	37730	0.852457927364881	0.0463710113823771
MA0596.1	37730	0.834480605750773	0.0482222370537122
MA0597.1	37730	0.921641252453236	0.0303082673741984
MA0599.1	37730	0.927539335369731	0.0612421501349039
MA0601.1	37730	0.793723840402123	0.0937014514360991
MA0602.1	37730	0.781934352170312	0.0746002432165675
MA0603.1	37730	0.817333469108075	0.0592179784281065
MA0604.1	37730	0.839145191837221	0.0561238575295609
MA0606.1	37730	0.871196282347493	0.0521508494749089
MA0607.1	37730	0.857604564969129	0.0536035679064796
MA0608.1	37730	0.831057445119354	0.0540488207059744
MA0610.1	37730	0.786817151185648	0.0622599837901678
MA0611.1	37730	0.847671651148522	0.0738072716410778
MA0613.1	37730	0.8258337794248	0.0780771313250586
MA0614.1	37730	0.852927181845172	0.0705794604119631
MA0615.1	37730	0.817217606154214	0.0436119344380355
MA0618.1	37730	0.84594340814953	0.0645084407925581
MA0619.1	37730	0.848898201118977	0.0848032539427493
MA0621.1	37730	0.762282192186059	0.0943850510406478
MA0622.1	37730	0.823748630182356	0.0727260877283007
MA0624.1	37730	0.879871058532685	0.0503301905180621
MA0625.1	37730	0.861868273400889	0.0532557322038713
MA0626.1	37730	0.840430363784959	0.0566846217128283
MA0628.1	37730	0.770999189721053	0.0814146069670982
MA0629.1	37730	0.793358503623718	0.0436084225673179
MA0630.1	37730	0.857629751722597	0.0769947547996995
MA0631.1	37730	0.729980820230527	0.0477095780961648
MA0633.1	37730	0.805680216444461	0.0624920317940361
MA0634.1	37730	0.832668969876767	0.0673818567472138
MA0007.3	37730	0.725218116163616	0.0435928693581745
MA0635.1	37730	0.863116009715969	0.0542479973234864
MA0636.1	37730	0.775496283080381	0.0571669483969233
MA0637.1	37730	0.782664908381039	0.0369654275240783
MA0638.1	37730	0.760297735116753	0.0456402692431664
MA0639.1	37730	0.781256273576607	0.0604710184992644
MA0641.1	37730	0.779994317563865	0.0528299095474523
MA0136.2	37730	0.864467313179586	0.0449822814989306
MA0027.2	37730	0.865695282138802	0.0668455502754331
MA0642.1	37730	0.864358937789778	0.0498234929230776
MA0643.1	37730	0.817771649562286	0.050885470946952
MA0644.1	37730	0.84423539705161	0.065115052497674
MA0645.1	37730	0.851385814524501	0.0535146614460448
MA0475.2	37730	0.829360317165638	0.0534300986132171
MA0042.2	37730	0.849208888098378	0.0696482054654275
MA0033.2	37730	0.882081050538923	0.0680796396578104
MA0157.2	37730	0.823181462193395	0.066745041298713
MA0646.1	37730	0.804735627001336	0.0418423922685546
MA0647.1	37730	0.748841911621696	0.0537352338003057
MA0648.1	37730	0.832981000029676	0.0589766802180873
MA0649.1	37730	0.814662872745401	0.0552682152326934
MA0131.2	37730	0.819194015387097	0.0567503411790943
MA0046.2	37730	0.731922637765982	0.0712389220765793
MA0153.2	37730	0.722516043298292	0.0707535439365076
MA0651.1	37730	0.790846960031046	0.0571771177274162
MA0486.2	37730	0.738487752319	0.0541913318647676
MA0652.1	37730	0.71611207433996	0.0482543184976296
MA0653.1	37730	0.689473336214712	0.0499759900583648
MA0654.1	37730	0.841464220688018	0.0796116193175672
MA0655.1	37730	0.770031076482761	0.0638013673399366
MA0656.1	37730	0.738498163856174	0.0615952195174004
MA0657.1	37730	0.739223143976363	0.0440156701033903
MA0658.1	37730	0.80726442521626	0.0622690112635112
MA0660.1	37730	0.747135755918968	0.0738953937690137
MA0661.1	37730	0.835287393803293	0.0603619348139168
MA0662.1	37730	0.857895638252085	0.0667467288158426
MA0663.1	37730	0.773091867685275	0.0559405333721076
MA0664.1	37730	0.795222784999462	0.0565091750919046
MA0665.1	37730	0.808281118658996	0.0472674805734101
MA0666.1	37730	0.861440195934661	0.0644784731549393
MA0667.1	37730	0.790384957074704	0.0524399004084758
MA0668.1	37730	0.850013330911086	0.0382050639910506
MA0669.1	37730	0.792732411129394	0.0497213810848532
MA0670.1	37730	0.843615512826387	0.063598971238151
MA0671.1	37730	0.930246217866814	0.0359997489666623
MA0048.2	37730	0.828841866716032	0.0554099515768399
MA0672.1	37730	0.862725716970245	0.0462449275211458
MA0673.1	37730	0.895039686048643	0.0397663774229985
MA0674.1	37730	0.863331971616718	0.0667204158823435
MA0675.1	37730	0.869888909984068	0.0716964237284937
MA0676.1	37730	0.834519802981074	0.0573021819486204
MA0677.1	37730	0.744326945075491	0.0439063664834539
MA0678.1	37730	0.793212663244691	0.051906352393068
MA0068.2	37730	0.815619465165027	0.0694795762457723
MA0680.1	37730	0.718961638602598	0.0781746373014676
MA0683.1	37730	0.685661536628175	0.0681846892391795
MA0512.2	37730	0.722894468227206	0.0457970752621628
MA0685.1	37730	0.79185359511733	0.0616719573780908
MA0686.1	37730	0.801663243002864	0.0473807916853049
MA0687.1	37730	0.803859135720074	0.0450999517347034
MA0083.3	37730	0.683636082194312	0.04919081772241
MA0009.2	37730	0.700157480804415	0.0425563748708263
MA0688.1	37730	0.81939320578592	0.0449797982350687
MA0689.1	37730	0.800321241231814	0.04708218092206
MA0690.1	37730	0.799580770570149	0.0494571474839908
MA0691.1	37730	0.795808472429373	0.056728169506239
MA0145.3	37730	0.802908746077363	0.046860198658169
MA0692.1	37730	0.821674238480495	0.053677390808911
MA0694.1	37730	0.796268231633957	0.0476019155330887
MA0695.1	37730	0.822252880415631	0.0441736335302003
MA0696.1	37730	0.774247860121462	0.0485274495092977
MA0697.1	37730	0.786219683165044	0.0474750596327837
MA0698.1	37730	0.793442637622127	0.0496627467780312
MA0699.1	37730	0.846620123879923	0.0607758510914586
MA0704.1	37730	0.851533205460198	0.0670715053041809
MA0705.1	37730	0.863364598427728	0.0634743299580825
MA0706.1	37730	0.841379874506522	0.0615591522065832
MA0707.1	37730	0.857643075571242	0.0642125013832787
MA0708.1	37730	0.839375344898816	0.0724844188254358
MA0709.1	37730	0.845266686819708	0.0772448500910035
MA0710.1	37730	0.849438229749612	0.0642195403131599
MA0124.2	37730	0.832411766227106	0.0532148926369715
MA0711.1	37730	0.858428340147697	0.0593523474925791
MA0132.2	37730	0.86119000194983	0.0766169312369902
MA0713.1	37730	0.771451785585169	0.0752829298525522
MA0714.1	37730	0.853085775407978	0.0573151499037551
MA0715.1	37730	0.741798085010205	0.0846020336433001
MA0716.1	37730	0.85009062008739	0.0777441774480787
MA0717.1	37730	0.859193443322195	0.0704054161228928
MA0718.1	37730	0.837152530325676	0.0720786917726795
MA0719.1	37730	0.946770121333201	0.0354893598446669
MA0720.1	37730	0.851416752306408	0.0768692949841111
MA0721.1	37730	0.855281398013607	0.073065037043125
MA0722.1	37730	0.857425209863154	0.0656121660161515
MA0723.1	37730	0.856326834368276	0.0633437874937281
MA0724.1	37730	0.821471019441016	0.0641743421031208
MA0725.1	37730	0.836061352937459	0.077545143081748
MA0726.1	37730	0.820406808681888	0.0782397119069675
MA0112.3	37730	0.715186925452892	0.0436555396186156
MA0141.3	37730	0.771557197415523	0.055313123849259
MA0017.2	37730	0.809680006301482	0.0524740395333219
MA0113.3	37730	0.724710991273067	0.0468260133605542
MA0727.1	37730	0.721194931222613	0.0469428089337922
MA0728.1	37730	0.713062157604471	0.0475119762941477
MA0729.1	37730	0.694438744343274	0.0425446741025526
MA0730.1	37730	0.710750288750987	0.0409547594905503
MA0731.1	37730	0.667559050638839	0.0451071307382509
MA0472.2	37730	0.808061951455978	0.0548975847139179
MA0732.1	37730	0.780643057148566	0.0627529229931878
MA0733.1	37730	0.780184905115357	0.05045048381421
MA0735.1	37730	0.701569318651498	0.0444189670454992
MA0736.1	37730	0.788178367620633	0.045717043035339
MA0737.1	37730	0.742712984728274	0.0408928274929722
MA0738.1	37730	0.904810842803733	0.0417581941478828
MA0739.1	37730	0.86444623743164	0.0433510726798834
MA0740.1	37730	0.818070473235251	0.0586372112947502
MA0741.1	37730	0.870742077761225	0.0666893428708134
MA0742.1	37730	0.809689426593822	0.0506952030748548
MA0747.1	37730	0.870408136002388	0.0524471312391026
MA0749.1	37730	0.700748862577928	0.0437249101048708
MA0751.1	37730	0.806303869837198	0.0449908169420063
MA0088.2	37730	0.746441660068667	0.0425952491834016
MA0752.1	37730	0.678754443061071	0.0472634799888388
MA0754.1	37730	0.77444278772574	0.0689460286669621
MA0755.1	37730	0.759334486327148	0.0669765693599405
MA0756.1	37730	0.728034534633105	0.0697247950626641
MA0757.1	37730	0.72337378747632	0.0746852056142795
MA0758.1	37730	0.691291871255779	0.0490826275403803
MA0759.1	37730	0.827596073008752	0.0550438143974952
MA0760.1	37730	0.831351386697258	0.050151164877928
MA0474.2	37730	0.84865648590154	0.0505865489163742
MA0098.3	37730	0.846349374473066	0.0514129743815804
MA0762.1	37730	0.805169374797326	0.0497214764538856
MA0763.1	37730	0.83590538527078	0.0481055025458493
MA0156.2	37730	0.840749776293279	0.0522045046428132
MA0767.1	37730	0.835199784201819	0.0425366483623582
MA0768.1	37730	0.744769399477028	0.052259228282798
MA0770.1	37730	0.751813924406544	0.053153864989428
MA0771.1	37730	0.781835221627237	0.0476250501369573
MA0772.1	37730	0.760293258561855	0.0562851389616363
MA0773.1	37730	0.756856163841023	0.0772372917811243
MA0498.2	37730	0.925483236550015	0.0538337823265812
MA0774.1	37730	0.861273354130952	0.0561029336939412
MA0775.1	37730	0.886725354874188	0.0512441446871911
MA0776.1	37730	0.742876900922196	0.0456203822818922
MA0777.1	37730	0.711849554993891	0.0427511521492469
MA0105.4	37730	0.72199924911232	0.0548729432698078
MA0778.1	37730	0.755712578736092	0.0557643003890508
MA0779.1	37730	0.748400981076124	0.0342373654422482
MA0780.1	37730	0.729210827053848	0.078503163989677
MA0781.1	37730	0.722481262775503	0.0369182618466561
MA0783.1	37730	0.722999240531068	0.0517735470194934
MA0784.1	37730	0.733343644802881	0.0705340689935825
MA0785.1	37730	0.780352065394609	0.0701140922429682
MA0786.1	37730	0.776759266603792	0.0748450269483845
MA0787.1	37730	0.76717237393683	0.0729217950545845
MA0788.1	37730	0.761589996122948	0.0731699637349851
MA0789.1	37730	0.788329988863128	0.0762288938413428
MA0790.1	37730	0.72873029035979	0.077779604332732
MA0791.1	37730	0.708715040542322	0.0751840796475843
MA0792.1	37730	0.81273809686581	0.0714412286351737
MA0793.1	37730	0.799578727328705	0.0666853009600869
MA0794.1	37730	0.758819215247888	0.0440752121420145
MA0600.2	37730	0.71672575855011	0.0512359851557024
MA0795.1	37730	0.752782003503804	0.0501281983802393
MA0796.1	37730	0.696962799581873	0.0548106175379719
MA0797.1	37730	0.7308736648543	0.050423939940402
MA0799.1	37730	0.765600150821652	0.046515254890669
MA0510.2	37730	0.710933368730307	0.0510421221824797
MA0511.2	37730	0.830804113309913	0.048085147603135
MA0800.1	37730	0.785756893506401	0.0469675307798587
MA0801.1	37730	0.856692151018551	0.0506928530569105
MA0802.1	37730	0.802067512584069	0.049715240981552
MA0803.1	37730	0.834825321916054	0.0545051849652275
MA0804.1	37730	0.683015930275521	0.04183988335402
MA0805.1	37730	0.833000589621399	0.0562604196400587
MA0806.1	37730	0.86238780463592	0.0487189487644009
MA0807.1	37730	0.871906456783465	0.045794495150003
MA0808.1	37730	0.870140447018657	0.0544932841807936
MA0810.1	37730	0.873398801481182	0.050250143017004
MA0811.1	37730	0.857544794586563	0.0483455884736262
MA0812.1	37730	0.853574757260867	0.0543574825877506
MA0813.1	37730	0.816113657006561	0.0574916780030199
MA0524.2	37730	0.853646932940895	0.0480774974222659
MA0815.1	37730	0.809477769921996	0.0602941037712077
MA0816.1	37730	0.837414718626964	0.0525466987174892
MA0461.2	37730	0.823548583593243	0.0489527200473431
MA0464.2	37730	0.809607516220662	0.0606880740371317
MA0817.1	37730	0.760723255923263	0.0558555276209619
MA0818.1	37730	0.793150983928358	0.0512741994991741
MA0819.1	37730	0.808356934189523	0.0470961838731975
MA0820.1	37730	0.863966056916711	0.0493149304764778
MA0821.1	37730	0.748285052474402	0.0529106799843309
MA0822.1	37730	0.730401678220378	0.0548496922162722
MA0823.1	37730	0.805675424757136	0.0621596952422018
MA0058.3	37730	0.823453613745325	0.0607227585014588
MA0825.1	37730	0.834912324329322	0.0581840919919421
MA0826.1	37730	0.773966550405352	0.0551490908739328
MA0827.1	37730	0.819079584556043	0.0469331454531497
MA0828.1	37730	0.780855897201176	0.0552765500600872
MA0832.1	37730	0.737922948780544	0.0497496159399169
MA0834.1	37730	0.727718051630694	0.0601690152370384
MA0466.2	37730	0.811544757541142	0.0505608395590116
MA0837.1	37730	0.819593089874987	0.0496533557533459
MA0838.1	37730	0.775296134666471	0.0512022970036207
MA0839.1	37730	0.737154352452573	0.0436581051273378
MA0840.1	37730	0.756317233356093	0.06258090254341
MA0117.2	37730	0.812940262257859	0.0479038054831265
MA0841.1	37730	0.756072715618788	0.0575555420634251
MA0843.1	37730	0.770359029813377	0.0587826378826727
MA0844.1	37730	0.754057644626902	0.0438544823811295
MA0845.1	37730	0.796038093516273	0.0700706456689067
MA0032.2	37730	0.825253296564656	0.0692400439961665
MA0846.1	37730	0.818277312579226	0.0699262252011129
MA0848.1	37730	0.86943600898028	0.0657348989421332
MA0849.1	37730	0.853540899441929	0.0686167319891299
MA0850.1	37730	0.908260546241647	0.0493076543009705
MA0851.1	37730	0.780024543264709	0.0667424345159153
MA0853.1	37730	0.740878686389678	0.0581781085979876
MA0854.1	37730	0.743088121388873	0.0619948300166549
MA0855.1	37730	0.719699232770451	0.0459515616811296
MA0856.1	37730	0.729834659080844	0.045361924145777
MA0857.1	37730	0.683902892274575	0.0476882873818795
MA0858.1	37730	0.700845512661807	0.0434086973955106
MA0859.1	37730	0.703628936215508	0.0480102844580277
MA0860.1	37730	0.695375898729749	0.0443612421568339
MA0525.2	37730	0.696660981331825	0.0407714562193886
MA0106.3	37730	0.707910042975483	0.0386938655751714
MA0861.1	37730	0.742479780770445	0.0400868923146811
MA0862.1	37730	0.813020880933422	0.0522498224016812
MA0863.1	37730	0.728984396568888	0.040103984972155
MA0024.3	37730	0.76973142218381	0.0465290026823102
MA0865.1	37730	0.732592578290539	0.0474622942036555
MA0866.1	37730	0.691540355163235	0.0575570429229053
MA0869.1	37730	0.656797824229266	0.0605036915435417
MA0870.1	37730	0.692263914229752	0.0572470337179661
MA0872.1	37730	0.804264299796694	0.0616535161687045
MA0028.2	37730	0.805417456025031	0.059992207334669
MA0873.1	37730	0.78332607391686	0.0530949282866066
MA0874.1	37730	0.733103297614025	0.0584869953694306
MA0875.1	37730	0.879393038925214	0.0686687009780069
MA0876.1	37730	0.886156135155048	0.0651553253426229
MA0879.1	37730	0.856276738813496	0.0682794352814722
MA0880.1	37730	0.869690269393991	0.0705422236681196
MA0881.1	37730	0.871236869958775	0.0676078542847157
MA0882.1	37730	0.869244744795194	0.0695278635042437
MA0883.1	37730	0.784638841938597	0.0493938576913598
MA0884.1	37730	0.785041539982427	0.060153001427859
MA0885.1	37730	0.860110020291947	0.0786043441806299
MA0886.1	37730	0.823914963574904	0.0684431555132476
MA0887.1	37730	0.853504580543091	0.0576167081172198
MA0888.1	37730	0.850639371179254	0.0582483108522749
MA0889.1	37730	0.817333025087987	0.0659380918546462
MA0890.1	37730	0.831603931279221	0.0711410175090844
MA0891.1	37730	0.85013174881688	0.0521134393832742
MA0892.1	37730	0.865588074579135	0.0552243633184174
MA0894.1	37730	0.826891345414935	0.0738028424340844
MA0895.1	37730	0.831935193271508	0.05188063328168
MA0896.1	37730	0.758240119095881	0.0494169541958302
MA0897.1	37730	0.735929871498161	0.0542396740902067
MA0898.1	37730	0.733830092400002	0.0546311242077384
MA0899.1	37730	0.823273627859297	0.0691234055960753
MA0903.1	37730	0.870551455500666	0.0645749636564836
MA0905.1	37730	0.827350356036987	0.0616520202630102
MA0906.1	37730	0.775150625552441	0.0555023858466059
MA0907.1	37730	0.777618388573608	0.0585461909147278
MA0908.1	37730	0.811423510769829	0.0618129860795373
MA0911.1	37730	0.797144727174261	0.0530259643683751
MA0914.1	37730	0.865913153797051	0.0536607043208402
MA0852.2	37730	0.792125167823258	0.058233386693464
MA0036.3	37730	0.818656030114063	0.0656074558288154
MA1106.1	37730	0.833866616897128	0.0591799309883893
MA0147.3	37730	0.807484609987218	0.0593117373421321
MA0100.3	37730	0.864475311668577	0.0552538162545192
MA0104.4	37730	0.788116304083134	0.0578697939320824
MA1109.1	37730	0.824187147382247	0.0497061189406426
MA0161.2	37730	0.833644634767482	0.0574681662993955
MA0060.3	37730	0.818777969259614	0.0630394881783786
MA1110.1	37730	0.795692328072426	0.053362182179211
MA1111.1	37730	0.822210582741522	0.0586134227846916
MA0014.3	37730	0.813133637704825	0.0494977936954644
MA1114.1	37730	0.757377137434573	0.0488477260849071
MA1115.1	37730	0.808714215756176	0.0746914589346747
MA1116.1	37730	0.888276281535864	0.0625196508160475
MA1117.1	37730	0.824392344793882	0.05088088728282
MA1118.1	37730	0.788556358716426	0.0522981615192233
MA1119.1	37730	0.737443850272736	0.0486876833885237
MA0442.2	37730	0.849216079136821	0.0632668905288468
MA1120.1	37730	0.829056208701033	0.0624759523874681
MA1121.1	37730	0.801972606297132	0.0523934725612236
MA1122.1	37730	0.849650589249202	0.0660137134058389
MA0750.2	37730	0.829983988495827	0.0579416127586356
MA0103.3	37730	0.873754056892024	0.058563493978837
MA1124.1	37730	0.709583557862594	0.0640695061213775
MA1125.1	37730	0.801592505439226	0.113301203533681
MA1154.1	37730	0.740235691675403	0.0391600239606135
MA1155.1	37730	0.730954487488887	0.0454991493860478
MA0037.3	37730	0.862536027222647	0.0625707632367757
MA0099.3	37730	0.810943966831869	0.0571502470416086
MA1126.1	37730	0.748580014117125	0.050301925502143
MA1127.1	37730	0.753584761086284	0.0604566486859511
MA1128.1	37730	0.799232327515332	0.0564386723269025
MA1129.1	37730	0.765228337488856	0.0597980387702141
MA1130.1	37730	0.805825378988453	0.0572469300088672
MA1131.1	37730	0.777584541443542	0.0592017519907663
MA1132.1	37730	0.817928005390615	0.0518291037666656
MA1133.1	37730	0.770381359282908	0.056223466634058
MA1134.1	37730	0.789943824151301	0.0580875672135573
MA1135.1	37730	0.804819553834232	0.05952454564806
MA1136.1	37730	0.780209219386688	0.0576157293471884
MA1137.1	37730	0.796906663018347	0.0547835391851526
MA1138.1	37730	0.799771205313804	0.0617164783650783
MA1139.1	37730	0.748526084329405	0.0625497007093089
MA1141.1	37730	0.791129293925016	0.0565478512098874
MA1142.1	37730	0.832923132640147	0.0537534634217318
MA1143.1	37730	0.809751017793809	0.0535216961008198
MA1144.1	37730	0.80110175010487	0.0592961153059667
MA1145.1	37730	0.756398673172636	0.0571203514573083
MA1146.1	37730	0.75767955831018	0.0367491578881059
MA1147.1	37730	0.773485399653775	0.0369366254448118
MA1148.1	37730	0.759152626772917	0.0363518413173157
MA1149.1	37730	0.790748787988438	0.037550418678315
MA1150.1	37730	0.826352928379447	0.0476269584068542
MA1151.1	37730	0.831601253467484	0.0440505971056979
MA1152.1	37730	0.866938751136456	0.0621317087271194
MA0831.2	37730	0.852164672955157	0.0568754364224059
MA0693.2	37730	0.876856980891199	0.0520546260780133
MA1153.1	37730	0.856002116017688	0.0583655214223457
MA1418.1	37730	0.705002229068485	0.0465945337194177
MA1419.1	37730	0.700585170099152	0.0467826068904519
MA1420.1	37730	0.746497710450997	0.0416420253010546
MA1421.1	37730	0.767400407903355	0.0519244613315048
MA1463.1	37730	0.775160680411729	0.0818575444937169
MA1464.1	37730	0.803764433274038	0.0621133954515192
MA1466.1	37730	0.73570798802054	0.0451242230814513
MA1467.1	37730	0.830053635139949	0.0479728542078431
MA1468.1	37730	0.849897013980584	0.0404442065574738
MA1101.2	37730	0.709518065593622	0.0500758289075914
MA1470.1	37730	0.694838191494676	0.0439133866791585
MA1471.1	37730	0.814102735266345	0.0729383957430797
MA1472.1	37730	0.874378713944075	0.0453070871733809
MA1473.1	37730	0.79277546894951	0.0642882297077476
MA1474.1	37730	0.795058203519335	0.0463796283919061
MA1475.1	37730	0.780124097453721	0.0532937797642039
MA1476.1	37730	0.833307615368573	0.0854700079136566
MA1478.1	37730	0.804891116110847	0.0522561783439514
MA1479.1	37730	0.77474264092476	0.0550864439577608
MA1480.1	37730	0.804539259876864	0.0545925828719116
MA1481.1	37730	0.859196566368263	0.0730282168971538
MA1483.1	37730	0.790070662677003	0.0522018364711129
MA1484.1	37730	0.848449121772956	0.0518504956653782
MA1485.1	37730	0.770133960533199	0.046512103401344
MA1487.1	37730	0.775010196673276	0.0604290906569017
MA1489.1	37730	0.765475086138351	0.0824898958809267
MA1491.1	37730	0.782762010228785	0.0443803361550249
MA1493.1	37730	0.801267266115958	0.0450734170589914
MA1494.1	37730	0.727660406193456	0.0436450147624727
MA1495.1	37730	0.869126502731425	0.0608649081172678
MA1496.1	37730	0.895089181762915	0.0494456610718492
MA1497.1	37730	0.847582995803358	0.0532833258913236
MA1498.1	37730	0.875027964050664	0.0613738714696471
MA1499.1	37730	0.855209844860287	0.0736435460062958
MA1500.1	37730	0.887868155506148	0.052844124673799
MA1501.1	37730	0.835683152015966	0.0505471161591094
MA1502.1	37730	0.867050314079142	0.0661504164973099
MA1503.1	37730	0.788876688876767	0.0593782611641978
MA1504.1	37730	0.882598083918658	0.0703299669020777
MA1505.1	37730	0.872048579599712	0.0586031203760255
MA1506.1	37730	0.774455622143139	0.0547597148026514
MA1507.1	37730	0.875144622056537	0.0722840907963103
MA1508.1	37730	0.831253186732627	0.0524701679653065
MA1509.1	37730	0.792256533452013	0.0485330502940913
MA1511.1	37730	0.861469532377123	0.0554075124417869
MA1512.1	37730	0.86507705833257	0.0618680315369993
MA1513.1	37730	0.859979584937017	0.0997915266899767
MA1514.1	37730	0.782623344562629	0.0506723885718879
MA1515.1	37730	0.894330864005189	0.0618451478574987
MA1516.1	37730	0.846113904900333	0.0612326881282335
MA1517.1	37730	0.880269280396199	0.0579667269108201
MA1518.1	37730	0.885704426945189	0.0571327287879548
MA1519.1	37730	0.83015703411384	0.0776936704141771
MA1520.1	37730	0.75061382208152	0.04084395803599
MA1521.1	37730	0.760414813736822	0.0409818921485688
MA1522.1	37730	0.877942843694924	0.0762997409271758
MA1523.1	37730	0.848195239935665	0.0473262473064192
MA1524.1	37730	0.840960227431033	0.0491801721564934
MA1525.1	37730	0.861919173057934	0.0532511034881045
MA1527.1	37730	0.743318723455857	0.0506625184907709
MA1528.1	37730	0.756800664588354	0.0496092810450849
MA1529.1	37730	0.736400029768317	0.0482900113488684
MA1530.1	37730	0.854501443209309	0.06075602119595
MA1531.1	37730	0.773549529256796	0.0404842843149596
MA1532.1	37730	0.800973260869737	0.0354363899297298
MA1533.1	37730	0.785409510175743	0.033987448300738
MA1534.1	37730	0.841040133557524	0.0528802142026799
MA1535.1	37730	0.910230149616396	0.0557424419436008
MA1536.1	37730	0.947026949060981	0.0356374178034235
MA1537.1	37730	0.753417496550063	0.0421533253987663
MA1538.1	37730	0.736707719063338	0.042604459718054
MA1539.1	37730	0.722011308819993	0.0434822927974948
MA1540.1	37730	0.845591207959702	0.0474697576312351
MA1541.1	37730	0.748194398031227	0.0420001417226773
MA1542.1	37730	0.833866914877712	0.0446103326348783
MA1544.1	37730	0.747176987198909	0.0494342229806482
MA1545.1	37730	0.786813827414025	0.0474205896087818
MA1546.1	37730	0.748927769674706	0.0373133381039577
MA1547.1	37730	0.849239937400651	0.0717874228447107
MA1548.1	37730	0.846504199925248	0.069008188376494
MA1549.1	37730	0.833842255322266	0.0582532927729711
MA1550.1	37730	0.752811513109635	0.0416465271236487
MA1552.1	37730	0.754630691526865	0.0401208629145188
MA1553.1	37730	0.741373734331469	0.0413274892918018
MA1554.1	37730	0.884470748603529	0.0375372056754689
MA1555.1	37730	0.763753556792352	0.0419942206065107
MA1556.1	37730	0.760278558251356	0.043974368928162
MA1557.1	37730	0.781675028730623	0.045117951331806
MA1558.1	37730	0.875312028420079	0.0523677012390805
MA1559.1	37730	0.83589829553316	0.0512389212479274
MA1560.1	37730	0.802229800733541	0.0593953918862512
MA1561.1	37730	0.765055262923684	0.0493457664035502
MA1562.1	37730	0.778845446415654	0.0536391953592467
MA1563.1	37730	0.919422491776057	0.0328322447383602
MA1564.1	37730	0.865162253525787	0.0656602877367587
MA1565.1	37730	0.8155424688144	0.044720823931775
MA1566.1	37730	0.881884202568305	0.0386305649648435
MA1567.1	37730	0.853760031995451	0.0430710370871572
MA1568.1	37730	0.810479259709463	0.0384359735818374
MA1569.1	37730	0.876265193114957	0.0636181528966812
MA1570.1	37730	0.860908755221126	0.0472764783913212
MA1571.1	37730	0.74913585007504	0.0463373544027316
MA1572.1	37730	0.756243556611047	0.0458047918549781
MA1573.1	37730	0.713693970480782	0.0566666002116821
MA1574.1	37730	0.798579312062149	0.0375328704580697
MA1575.1	37730	0.7389914533087	0.0411324447298542
MA1576.1	37730	0.738015088016622	0.0365255488538023
MA1577.1	37730	0.842224271999842	0.0879592388689375
MA1578.1	37730	0.867553499684596	0.0603390269018051
MA1579.1	37730	0.826699301351993	0.0553002912968737
MA1580.1	37730	0.777538124674274	0.062031330427644
MA1581.1	37730	0.826111795079651	0.051600720963433
MA1583.1	37730	0.822262343181112	0.0550656916172201
MA1584.1	37730	0.774069695595196	0.0493800800804093
MA1585.1	37730	0.790788399789332	0.0506749608149878
MA1587.1	37730	0.785237781185593	0.05563451236775
MA1588.1	37730	0.727684116446956	0.0453828378571383
MA1589.1	37730	0.686585130478484	0.0374011756447232
MA1592.1	37730	0.775872587153323	0.0403826673526838
MA1593.1	37730	0.796177115460927	0.0516932606829249
MA1594.1	37730	0.680419584288851	0.0332885286665654
MA1596.1	37730	0.777907228708401	0.0719823290011131
MA1597.1	37730	0.706367400948961	0.0416207581947808
MA1599.1	37730	0.766543306310124	0.0537111921678752
MA1600.1	37730	0.727206050408257	0.0370015907152215
MA1601.1	37730	0.837602204906146	0.0547646397383788
MA1602.1	37730	0.784402659323516	0.044342872698991
MA1603.1	37730	0.756817879321251	0.0586685965872929
MA1604.1	37730	0.799516791430882	0.0552597634891184
MA1606.1	37730	0.811792670492274	0.0755887010081257
MA1607.1	37730	0.774671662623578	0.0706167516868199
MA1608.1	37730	0.817349240807615	0.060797699398614
MA1615.1	37730	0.826003248167914	0.0606287814304935
MA1616.1	37730	0.774714962303459	0.0454691609011279
MA1618.1	37730	0.817571214174125	0.0542179770155643
MA1619.1	37730	0.827681933760348	0.0577923451591567
MA1620.1	37730	0.833208973081042	0.0545403728089517
MA1621.1	37730	0.831365697653049	0.0527533502912328
MA1622.1	37730	0.790223144735697	0.0640843006810647
MA1623.1	37730	0.78948339023024	0.0688259181692943
MA1624.1	37730	0.80416767045095	0.0581469626341943
MA1625.1	37730	0.789705623267097	0.059556116502437
MA1627.1	37730	0.828862067099564	0.0618631905940625
MA1628.1	37730	0.869604590549269	0.0543619691888354
MA1629.1	37730	0.804932421323073	0.050151735271905
MA1630.1	37730	0.819432320081248	0.0652407868772868
MA1100.2	37730	0.874822597015379	0.0499729931573409
MA0605.2	37730	0.737600257898453	0.0635535340446859
MA0877.2	37730	0.883974686855038	0.0504886491897602
MA0462.2	37730	0.7898234961552	0.0649346627800266
MA0463.2	37730	0.73903322528458	0.0437140103615792
MA0878.2	37730	0.783422393111022	0.0625508049498432
MA0864.2	37730	0.755432374522909	0.0440260613358321
MA0469.3	37730	0.693286200797189	0.043220849882068
MA0470.2	37730	0.747248666342228	0.0448693092314335
MA0612.2	37730	0.834482345059792	0.0721188737876572
MA0847.2	37730	0.812401728657286	0.0598458366377694
MA0766.2	37730	0.846250574427812	0.0567014679594399
MA0038.2	37730	0.796470272840925	0.0508187749526732
MA0734.2	37730	0.764775993739409	0.0451040829287632
MA0893.2	37730	0.892041163901192	0.055114412828987
MA1099.2	37730	0.852318465102583	0.0658539504040736
MA0616.2	37730	0.807163625628537	0.0646968213815223
MA0650.2	37730	0.792932857891938	0.0583047766882019
MA0900.2	37730	0.833153925648743	0.0755345080958477
MA0158.2	37730	0.86374590340011	0.0597905922074226
MA0594.2	37730	0.859198669229195	0.0465012585403209
MA0902.2	37730	0.873762962802193	0.0648090784280937
MA0904.2	37730	0.853579654288444	0.0634260894794038
MA0485.2	37730	0.779093885892179	0.0606940439105081
MA0909.2	37730	0.809263910412821	0.0488066852397889
MA0912.2	37730	0.818347743007756	0.0664223377303785
MA0910.2	37730	0.862461453343526	0.0644788802818594
MA0913.2	37730	0.814016547908758	0.0694704010965538
MA1140.2	37730	0.719057458791307	0.059087653670991
MA0701.2	37730	0.830363135717533	0.0719601756026749
MA0702.2	37730	0.797572955648439	0.0856358702248935
MA0703.2	37730	0.74623458334753	0.0925957374345791
MA0623.2	37730	0.7921566602917	0.0516121981224721
MA0842.2	37730	0.779210786186819	0.0486474516331242
MA0682.2	37730	0.848353275348199	0.0672189068035212
MA0075.3	37730	0.81354752813779	0.083168315910492
MA0867.2	37730	0.863602171586667	0.0566914131688622
MA0868.2	37730	0.828366759767125	0.0590810153766392
MA0079.4	37730	0.812508738105393	0.0637469062125498
MA0516.2	37730	0.789366016091489	0.0542642341267742
MA0746.2	37730	0.852577616564674	0.0655087987792386
MA0632.2	37730	0.835686044151196	0.0663517383529945
MA0871.2	37730	0.79532915446146	0.0597993733871912
MA0753.2	37730	0.803696209433758	0.0645671370376843
MA0122.3	37730	0.775727928921325	0.0607842224525326
MA1631.1	37730	0.840362562766002	0.0542752859966937
MA1632.1	37730	0.779765479971275	0.063120230724969
MA1633.1	37730	0.767095694386627	0.0544091064253516
MA1634.1	37730	0.791440877176475	0.0652799736919006
MA1635.1	37730	0.85857141173724	0.0685956593857279
MA1636.1	37730	0.761126187963778	0.056621843290462
MA1637.1	37730	0.799649307303661	0.0570276197464341
MA1638.1	37730	0.864005236360611	0.0586602901623433
MA1639.1	37730	0.780314389239997	0.0635327653702499
MA1640.1	37730	0.753381563028817	0.066108252489826
MA1641.1	37730	0.81858821909387	0.0570612428039647
MA1642.1	37730	0.832368549910992	0.0517748806208849
MA1643.1	37730	0.711751701691812	0.046243196390465
MA1644.1	37730	0.817570410855868	0.0642294306620395
MA1645.1	37730	0.813057425583109	0.0478326511395602
MA1646.1	37730	0.83864703733742	0.0513106561454903
MA1647.1	37730	0.842352614852424	0.0550146359271919
MA1648.1	37730	0.871576669799862	0.0556335514465781
MA1649.1	37730	0.840735109421949	0.0523725929280562
MA1650.1	37730	0.820265867328981	0.0738878320625802
MA1651.1	37730	0.732952796119242	0.0521693256748772
MA1652.1	37730	0.82146537354519	0.0518469473077231
MA1653.1	37730	0.850628770396082	0.0783106536983109
MA1654.1	37730	0.700361433792358	0.0340322512008101
MA1655.1	37730	0.822076630205605	0.0506487713144086
MA1656.1	37730	0.800996498372135	0.0498113146867049
MA1657.1	37730	0.766667613884524	0.0617816816278471
MA1683.1	37730	0.813395317241225	0.0717536499848091
MA0833.2	37730	0.762875992839973	0.0567662928465692
MA0835.2	37730	0.789364560328744	0.0637558313114737
MA0465.2	37730	0.78556660673575	0.0703488311464967
MA0102.4	37730	0.762783405094061	0.0589491813759103
MA0836.2	37730	0.776793896674709	0.0585826245831267
MA0018.4	37730	0.78696916805658	0.0682013864404737
MA1102.2	37730	0.839569085809014	0.0673897385223606
MA0471.2	37730	0.852181739716515	0.0576499331183357
MA0154.4	37730	0.782118270233451	0.0527748331214286
MA0162.4	37730	0.81216074384199	0.0710681039665452
MA0598.3	37730	0.803226823654085	0.0518016385692404
MA0473.3	37730	0.807275254251165	0.0522922232233464
MA0640.2	37730	0.820119695788522	0.050636396420236
MA0592.3	37730	0.776236515632632	0.053893723982942
MA0761.2	37730	0.813697468372114	0.0520493646286725
MA0764.2	37730	0.883914122810317	0.0624934947726056
MA0765.2	37730	0.853125672900749	0.0550077743434869
MA0477.2	37730	0.781804906310836	0.0631949600183637
MA0148.4	37730	0.786884947960069	0.0693047665884203
MA0047.3	37730	0.81020211338928	0.0715373125419264
MA1103.2	37730	0.811449208885272	0.0718684320342283
MA0481.3	37730	0.816232855080132	0.0728508692173768
MA0062.3	37730	0.806388373642258	0.0515684774317522
MA0035.4	37730	0.807910388928956	0.0628572439954549
MA0482.2	37730	0.802666010819435	0.05801043318553
MA1104.2	37730	0.778809658660025	0.0639949486061699
MA1105.2	37730	0.782531326307615	0.0549055237161474
MA0043.3	37730	0.771157020064546	0.0631454999659245
MA0114.4	37730	0.779923668555237	0.0538275947268988
MA0484.2	37730	0.784914037002036	0.0527703768556303
MA0901.2	37730	0.767789328024962	0.0787896464835192
MA0490.2	37730	0.767162700608228	0.0646460245367391
MA0491.2	37730	0.770725260067117	0.0638531536345013
MA0039.4	37730	0.87956705110235	0.0690739864518673
MA1107.2	37730	0.794795163145312	0.0585031621497189
MA0700.2	37730	0.802241671921665	0.0752877632821842
MA0495.3	37730	0.743823239432194	0.053650296774025
MA0659.2	37730	0.749196213821856	0.0514540771250653
MA0496.3	37730	0.746075087838793	0.0536500898868733
MA0052.4	37730	0.766281280648086	0.0788278861776251
MA0620.3	37730	0.751334895134466	0.0543416122195888
MA1108.2	37730	0.863938963879528	0.0622959479412909
MA0499.2	37730	0.825444319900987	0.0499016370883046
MA0500.2	37730	0.827793423381092	0.0634482595736066
MA0056.2	37730	0.819325991187354	0.0492077670537976
MA0089.2	37730	0.737618953063984	0.0490269630588541
MA0025.2	37730	0.770281835230562	0.0688980343257725
MA0502.2	37730	0.803068731682342	0.0575312114217141
MA0063.2	37730	0.833832360188958	0.0563089137511976
MA1112.2	37730	0.819336696875252	0.0575547966567265
MA0679.2	37730	0.71728426720812	0.0795843582885905
MA0712.2	37730	0.823119795702364	0.0626230228083232
MA1113.2	37730	0.764432173755581	0.070775160467288
MA0681.2	37730	0.703429333543324	0.0909204789039945
MA0782.2	37730	0.770242771609179	0.0530186590269666
MA0627.2	37730	0.768661656134222	0.0740758809224994
MA0508.3	37730	0.848128216355219	0.0590307966553115
MA0509.2	37730	0.773647228919032	0.0514275269721467
MA0798.2	37730	0.773080779986907	0.0505478043655745
MA0684.2	37730	0.823738654760818	0.056147788134647
MA0743.2	37730	0.759132140633006	0.0473824285770525
MA0744.2	37730	0.762785900141112	0.04665409854657
MA0745.2	37730	0.814753942988127	0.0536224469496714
MA0143.4	37730	0.823281689025576	0.061061351438576
MA0080.5	37730	0.751467749472365	0.0484635528942128
MA0081.2	37730	0.778011605422276	0.0472307939785616
MA0829.2	37730	0.769034281747566	0.0546940769523412
MA0522.3	37730	0.871722508848543	0.0551236254136384
MA0830.2	37730	0.838938439201946	0.0544872332552504
MA0769.2	37730	0.825401420652335	0.06165811508095
MA0090.3	37730	0.792620410025721	0.0538372614955659
MA0809.2	37730	0.811327739169676	0.0541839254286362
MA0003.4	37730	0.818638618866159	0.0569036585379301
MA0814.2	37730	0.825237219628928	0.0588817192353031
MA1123.2	37730	0.816593757048067	0.0524731398012017
MA0093.3	37730	0.772037586929207	0.0537665424793358
MA0526.3	37730	0.771670354747763	0.0547678625920426
MA0748.2	37730	0.821848699824459	0.0623883631807267
MA0528.2	37730	0.856650487657174	0.0636343675457735
MA0609.2	37730	0.726998402058774	0.0591872886059334
