[SHORT TFBS MATRIX]
MA0004.1	40365	0.862086521077116	0.0680694570709531
MA0006.1	40365	0.914102304500403	0.0644518994675742
MA0019.1	40365	0.82591424032908	0.0437641631511021
MA0029.1	40365	0.749158618859439	0.0573625397462862
MA0030.1	40365	0.775678891095649	0.0607451258083741
MA0031.1	40365	0.834176950251985	0.0688850419888761
MA0040.1	40365	0.805245614712536	0.0673287397835581
MA0051.1	40365	0.753266853553589	0.0473023310499665
MA0059.1	40365	0.797860377594942	0.0496505305469917
MA0066.1	40365	0.740941082838364	0.0340008867631733
MA0069.1	40365	0.768091378134698	0.0392198027639984
MA0070.1	40365	0.784389405673084	0.0533991397531454
MA0071.1	40365	0.823126622610154	0.0541057655565156
MA0072.1	40365	0.76454987656016	0.0533538087942423
MA0073.1	40365	0.795455029105578	0.0475605354737018
MA0074.1	40365	0.755989654667604	0.0392696477588808
MA0077.1	40365	0.84373470038449	0.0529941807561316
MA0084.1	40365	0.874260384868901	0.0622963994025031
MA0091.1	40365	0.812452888324573	0.0476151444550769
MA0092.1	40365	0.880511049577108	0.0387136950919036
MA0101.1	40365	0.869827577715988	0.0447111964350331
MA0107.1	40365	0.826315160358583	0.0533887429231067
MA0108.2	40365	0.819415425849848	0.0573411082913412
MA0111.1	40365	0.866536058700048	0.0311860527786428
MA0115.1	40365	0.674161478110409	0.0446483270187273
MA0116.1	40365	0.826416271522006	0.0431771618901245
MA0119.1	40365	0.738536324153624	0.0498627084710825
MA0125.1	40365	0.856595877980336	0.0647246107875593
MA0130.1	40365	0.962368991168715	0.0375449226781612
MA0135.1	40365	0.776910808685047	0.0739441200205694
MA0139.1	40365	0.779535211036205	0.0434307620905337
MA0142.1	40365	0.748702803666029	0.0566708235009568
MA0149.1	40365	0.68865015040697	0.0547237700841251
MA0138.2	40365	0.690190396343456	0.0393281845243768
MA0002.2	40365	0.852016085184718	0.0434515341229245
MA0065.2	40365	0.811364169614113	0.0372296422490181
MA0151.1	40365	0.890049965116422	0.0880619082962546
MA0155.1	40365	0.857166174610889	0.0417340244918373
MA0159.1	40365	0.797440991686992	0.0338619958715854
MA0163.1	40365	0.800822347118165	0.0509562705266221
MA0164.1	40365	0.829829943585718	0.0709946885904329
MA0259.1	40365	0.891604110063695	0.0597006539557253
MA0145.2	40365	0.836426529806556	0.0398401397573411
MA0146.2	40365	0.856135105261064	0.0639544499827304
MA0468.1	40365	0.799300213303649	0.0624025814284208
MA0476.1	40365	0.818937137036565	0.0605966405015409
MA0478.1	40365	0.821647267425284	0.0556221033011583
MA0479.1	40365	0.81978846073605	0.0567105530807946
MA0483.1	40365	0.836591988325102	0.0512303935421509
MA0488.1	40365	0.794185341208596	0.0548999209567645
MA0492.1	40365	0.794515271263267	0.0538597390836982
MA0494.1	40365	0.793706454701643	0.0347855565416852
MA0497.1	40365	0.802766582182788	0.0651691277647873
MA0501.1	40365	0.744707723392955	0.0474849401485712
MA0504.1	40365	0.823894256132459	0.0378657649476203
MA0515.1	40365	0.862939569260879	0.052253123811444
MA0517.1	40365	0.781999330536613	0.0553113368342681
MA0518.1	40365	0.832634693062396	0.0494448023127317
MA0519.1	40365	0.846837678150892	0.0509565129654347
MA0520.1	40365	0.808999793856673	0.0537425387879348
MA0523.1	40365	0.812926384662361	0.0499404435299219
MA0527.1	40365	0.773453465254779	0.0545117672352319
MA0076.2	40365	0.853758509349571	0.0552639521829702
MA0258.2	40365	0.800052491246883	0.04059988267065
MA0150.2	40365	0.7463047580888	0.0459333126097223
MA0137.3	40365	0.825608158217299	0.0551006747838139
MA0144.2	40365	0.857466289180078	0.0496915243503254
MA0140.2	40365	0.762215413377314	0.0501399250621706
MA0591.1	40365	0.766270238453891	0.043142260593235
MA0593.1	40365	0.824903247555444	0.0675021003477655
MA0595.1	40365	0.85243297707336	0.0463804803338122
MA0596.1	40365	0.834279977444671	0.0481968429534548
MA0599.1	40365	0.928291346977736	0.0610267566755043
MA0601.1	40365	0.793339491492416	0.0937720080773442
MA0602.1	40365	0.781747894589061	0.0746050813963808
MA0603.1	40365	0.817862870616242	0.0595875394443631
MA0604.1	40365	0.839944874547346	0.056382874352499
MA0608.1	40365	0.831759911648067	0.0542805865111038
MA0610.1	40365	0.786573998700424	0.0621541120796464
MA0613.1	40365	0.825513524761124	0.0780613380626734
MA0614.1	40365	0.852667943375054	0.0704343528718323
MA0615.1	40365	0.818177781405285	0.0434775194869502
MA0618.1	40365	0.84557168198138	0.0643174868742908
MA0619.1	40365	0.848705561712252	0.0848646039794597
MA0621.1	40365	0.761714450543414	0.0942825054031597
MA0622.1	40365	0.824460527152269	0.0729582293400093
MA0626.1	40365	0.840743335514269	0.0568380798645208
MA0628.1	40365	0.770597059449433	0.0812876670011444
MA0629.1	40365	0.793304163520559	0.0437557298437612
MA0630.1	40365	0.857227409292689	0.0769456218893366
MA0631.1	40365	0.729800867377271	0.0476751728421588
MA0634.1	40365	0.832383817652127	0.0672985100746217
MA0007.3	40365	0.724980678225442	0.0433861935053498
MA0635.1	40365	0.863006020133417	0.0543242015898565
MA0636.1	40365	0.775968079806489	0.0574287612491023
MA0638.1	40365	0.760760235212138	0.0457256365755635
MA0639.1	40365	0.781153523263556	0.0604704319833764
MA0641.1	40365	0.780596598964832	0.0531664159336051
MA0027.2	40365	0.865304494606486	0.0668112744415884
MA0643.1	40365	0.817601482130524	0.0507582503579166
MA0645.1	40365	0.85200849582531	0.0537772932893361
MA0475.2	40365	0.830120822725032	0.0537540136010795
MA0042.2	40365	0.848973504766976	0.0696885614706744
MA0033.2	40365	0.881824229617286	0.0679935800250922
MA0646.1	40365	0.804966573037497	0.0418703659151145
MA0647.1	40365	0.748718122497202	0.0536253129896366
MA0648.1	40365	0.832811165099071	0.0588414552769691
MA0649.1	40365	0.81523149502796	0.0552375303642204
MA0131.2	40365	0.82018208753068	0.0564090750591399
MA0046.2	40365	0.73169289860003	0.071177937322869
MA0153.2	40365	0.722227488506682	0.0706726874772474
MA0486.2	40365	0.738330546940438	0.0541850634021308
MA0652.1	40365	0.716263379206437	0.048419896339882
MA0653.1	40365	0.689627476117593	0.0501372697211666
MA0654.1	40365	0.841045390316082	0.0794889017328552
MA0655.1	40365	0.769498400302514	0.0634963348752092
MA0656.1	40365	0.738585720111872	0.0617504763254816
MA0657.1	40365	0.739824032662783	0.0443130963186848
MA0658.1	40365	0.806878476090168	0.0621800363158304
MA0660.1	40365	0.74693109514909	0.0738454170259913
MA0661.1	40365	0.834922116873895	0.0602541514047321
MA0662.1	40365	0.857552617468139	0.0667268929473806
MA0663.1	40365	0.773505039479571	0.0561564220901848
MA0664.1	40365	0.795469270858325	0.0567767950617089
MA0665.1	40365	0.80797350607648	0.0472227675662664
MA0667.1	40365	0.790051731706429	0.0522912050228182
MA0669.1	40365	0.792287246976161	0.0496335720018824
MA0670.1	40365	0.84327208509405	0.0632752196897644
MA0671.1	40365	0.930048810931525	0.0359647084683583
MA0048.2	40365	0.828629424249485	0.0553006152582042
MA0672.1	40365	0.862469252024363	0.0461176676166783
MA0673.1	40365	0.894874440894786	0.0397765057618412
MA0674.1	40365	0.862803045735603	0.0665949298742318
MA0675.1	40365	0.869359457025676	0.0716113651405097
MA0676.1	40365	0.834184441551226	0.0573007430178085
MA0677.1	40365	0.744307201011663	0.0438699368034386
MA0678.1	40365	0.79281450211083	0.0518436035468204
MA0068.2	40365	0.815276490972074	0.0693317961170997
MA0683.1	40365	0.685093288591831	0.0680718383766993
MA0512.2	40365	0.722852502291157	0.0457917787514733
MA0686.1	40365	0.80217274429657	0.0475778420962072
MA0687.1	40365	0.803606202777944	0.0449751229675936
MA0083.3	40365	0.683511678727556	0.0491056535281332
MA0009.2	40365	0.699903296729779	0.0424599537237466
MA0688.1	40365	0.819271272052847	0.0449845693356883
MA0689.1	40365	0.800121085263713	0.047048834657421
MA0691.1	40365	0.795361092741518	0.0565222818852535
MA0692.1	40365	0.821760673217483	0.0539588704451105
MA0694.1	40365	0.796553668308036	0.0474797071559117
MA0695.1	40365	0.822419738991733	0.0441001807112973
MA0696.1	40365	0.774636740486812	0.0483883755488794
MA0698.1	40365	0.793030853204436	0.0496190636624214
MA0699.1	40365	0.846336433672702	0.0607422872502471
MA0704.1	40365	0.85111452453639	0.0669692118914014
MA0705.1	40365	0.86305467499819	0.0633803558099917
MA0706.1	40365	0.840931872330362	0.0615075701060715
MA0709.1	40365	0.844877801751211	0.0771645988391174
MA0710.1	40365	0.84901416460858	0.0641185070472252
MA0124.2	40365	0.832107039828886	0.0530944769659442
MA0711.1	40365	0.858385972096862	0.0592612801674791
MA0132.2	40365	0.860626456035744	0.0765318882405379
MA0713.1	40365	0.771032851344641	0.07513712958614
MA0714.1	40365	0.852930772345112	0.0572145422348108
MA0715.1	40365	0.741475986287754	0.0845212423120276
MA0716.1	40365	0.84968737874785	0.0777152629223835
MA0717.1	40365	0.858845437661236	0.070343823266138
MA0718.1	40365	0.836844747282805	0.0720643157980179
MA0719.1	40365	0.946610767814804	0.035481688890681
MA0720.1	40365	0.851014191547497	0.0768180909089358
MA0721.1	40365	0.85495768166757	0.0729675295436645
MA0722.1	40365	0.857012827182343	0.0655209157889125
MA0724.1	40365	0.821212190760424	0.0642220524030392
MA0725.1	40365	0.835673538472065	0.0774591584882777
MA0726.1	40365	0.820017940679343	0.0781612472392885
MA0112.3	40365	0.715085897517605	0.0435452449576784
MA0141.3	40365	0.77134162563027	0.0551923244793157
MA0017.2	40365	0.809534470441047	0.0523694524354211
MA0113.3	40365	0.724365292190038	0.046630089069786
MA0727.1	40365	0.720870568776533	0.0467347617798935
MA0728.1	40365	0.712881181203968	0.0473930494935806
MA0729.1	40365	0.694211083188549	0.0424404360069561
MA0730.1	40365	0.710683969656773	0.0409844034671234
MA0731.1	40365	0.667259511259587	0.0449536319545616
MA0472.2	40365	0.809242901513795	0.0547001002538255
MA0732.1	40365	0.781775153793065	0.0624205113293218
MA0733.1	40365	0.780986728884634	0.0502068202517547
MA0735.1	40365	0.701948157959167	0.0442514078437195
MA0736.1	40365	0.788648739125513	0.0455908587481218
MA0737.1	40365	0.74293158349431	0.0408087499457105
MA0738.1	40365	0.904853206959814	0.0417407720726582
MA0739.1	40365	0.864295799058913	0.0433626943808613
MA0741.1	40365	0.871695333131451	0.0667140913170352
MA0747.1	40365	0.87110527643578	0.0526120496083118
MA0749.1	40365	0.70109270978205	0.0438845840214305
MA0751.1	40365	0.80667747888787	0.0448774219073846
MA0088.2	40365	0.746406342645251	0.0426946572423179
MA0752.1	40365	0.678688994173964	0.0474044078448116
MA0755.1	40365	0.759208600087813	0.0669570193643287
MA0757.1	40365	0.723160345753359	0.0746855841240609
MA0758.1	40365	0.691298839718442	0.0490960556270117
MA0760.1	40365	0.83198936285888	0.0504956846917731
MA0098.3	40365	0.847041187633735	0.0516715191930156
MA0762.1	40365	0.805583525152863	0.0499104434724166
MA0763.1	40365	0.836502696692165	0.0485301963095929
MA0767.1	40365	0.835427805224753	0.0425926828435141
MA0770.1	40365	0.751643498411825	0.0530774924633485
MA0771.1	40365	0.78167761943814	0.0476359847790367
MA0772.1	40365	0.760394388097989	0.0562496692211331
MA0773.1	40365	0.756662959052374	0.0772370946379511
MA0498.2	40365	0.925077695115347	0.0539036179571216
MA0774.1	40365	0.861044544889377	0.0562234213002499
MA0775.1	40365	0.886444797265614	0.051280443871316
MA0776.1	40365	0.743263432955917	0.0457718189938004
MA0777.1	40365	0.711890122705177	0.0428687213732429
MA0105.4	40365	0.722154117173933	0.0547866230042495
MA0778.1	40365	0.755873727846976	0.0557089260869752
MA0779.1	40365	0.748664747768053	0.0341930050427738
MA0780.1	40365	0.728897551354036	0.0783240780828819
MA0781.1	40365	0.722735414895029	0.0368873249329307
MA0783.1	40365	0.722646898265069	0.0517169131254351
MA0785.1	40365	0.780076230184117	0.0701269058447735
MA0786.1	40365	0.776532356489618	0.0748661271405265
MA0787.1	40365	0.766905189527415	0.0729578249619477
MA0788.1	40365	0.76126952187019	0.0731390682712766
MA0789.1	40365	0.788024361360604	0.076276564529521
MA0790.1	40365	0.728216005492348	0.0777456839489289
MA0791.1	40365	0.708153566229097	0.075147851186086
MA0792.1	40365	0.812479901246867	0.071485357441945
MA0793.1	40365	0.799059747193516	0.0665720241989419
MA0794.1	40365	0.758983686245383	0.044100769467231
MA0600.2	40365	0.716694623402534	0.0513766815822083
MA0795.1	40365	0.752791016447164	0.0499252332687498
MA0796.1	40365	0.696609313827618	0.0547586666326035
MA0797.1	40365	0.730556703851547	0.0503488128547531
MA0510.2	40365	0.710918841656196	0.0511440420618671
MA0511.2	40365	0.830834988015506	0.0480284859131715
MA0800.1	40365	0.785554488447221	0.0469426009802153
MA0801.1	40365	0.856583123847021	0.0506408424957458
MA0802.1	40365	0.801921554995609	0.049747366804635
MA0803.1	40365	0.834596278781153	0.0544394649346641
MA0804.1	40365	0.682809994028146	0.0417974061772787
MA0805.1	40365	0.832755978948644	0.0562042137887873
MA0806.1	40365	0.862258749299261	0.0486816174524001
MA0807.1	40365	0.871740170718264	0.0457586377563291
MA0808.1	40365	0.869866025472117	0.0544820272621488
MA0810.1	40365	0.873864719852237	0.0501111141652471
MA0811.1	40365	0.857868503323696	0.048244152917082
MA0812.1	40365	0.854141486194608	0.0542728877973258
MA0813.1	40365	0.816522098328218	0.0573074413018439
MA0524.2	40365	0.85395465004631	0.0479750622884281
MA0815.1	40365	0.809956111967368	0.0601003751237457
MA0816.1	40365	0.836935853347507	0.0524669402845385
MA0461.2	40365	0.823067500623707	0.0488845785923886
MA0464.2	40365	0.810254925599155	0.0610182239533829
MA0817.1	40365	0.760295241988517	0.0557202960134951
MA0820.1	40365	0.863851257419941	0.0493200649785373
MA0822.1	40365	0.730813790645488	0.0547495563401748
MA0823.1	40365	0.806569798348405	0.0620875663319422
MA0058.3	40365	0.823928691515928	0.0609843756828304
MA0825.1	40365	0.83546511412935	0.0585027523883003
MA0826.1	40365	0.773523224796257	0.0550588122062407
MA0827.1	40365	0.818676390001782	0.0468935198684006
MA0832.1	40365	0.737582897752498	0.0496867185647318
MA0834.1	40365	0.727797491537469	0.0603438546969072
MA0838.1	40365	0.775445307682467	0.0511898419821516
MA0839.1	40365	0.737504355936933	0.0436886043302964
MA0840.1	40365	0.756380187946612	0.062743988168047
MA0117.2	40365	0.812593532852561	0.047844896451464
MA0841.1	40365	0.755593607556248	0.0572841241170546
MA0843.1	40365	0.770249490413301	0.0587205823021466
MA0844.1	40365	0.754388107621723	0.0438863861784017
MA0845.1	40365	0.79580460339763	0.0700544138183058
MA0032.2	40365	0.825053902269751	0.0692336992554242
MA0846.1	40365	0.818047287583567	0.06981501682438
MA0848.1	40365	0.869211495169721	0.0657385633877758
MA0849.1	40365	0.853307942087002	0.0686121383518644
MA0850.1	40365	0.908040142535662	0.0493011956415249
MA0851.1	40365	0.77983921094776	0.0666497629583214
MA0853.1	40365	0.740734663658447	0.0580160550101657
MA0854.1	40365	0.74284774955789	0.0618174905785072
MA0855.1	40365	0.719641136655537	0.0459547699170471
MA0856.1	40365	0.729797477761817	0.0453360071378234
MA0857.1	40365	0.683647514171003	0.0475658251784924
MA0858.1	40365	0.700751930051038	0.0433870413404935
MA0859.1	40365	0.703382039320091	0.047886488565555
MA0860.1	40365	0.695275265909432	0.044206830313606
MA0525.2	40365	0.696653243815802	0.0407780047113204
MA0106.3	40365	0.707836333393845	0.0385948121376428
MA0861.1	40365	0.742548018543127	0.0400721279272106
MA0862.1	40365	0.813803838132176	0.0525839550350569
MA0863.1	40365	0.728988590252934	0.0400538137472125
MA0024.3	40365	0.770339278333587	0.0465566211709794
MA0866.1	40365	0.691330324710937	0.0575525282243886
MA0870.1	40365	0.692090576466938	0.0573034955932537
MA0872.1	40365	0.804746281566237	0.0614646070723803
MA0028.2	40365	0.806451146409763	0.0604770347857999
MA0873.1	40365	0.783197796204863	0.0530604719817587
MA0874.1	40365	0.732853442316326	0.0584026521678702
MA0875.1	40365	0.878957518683477	0.0687023282196182
MA0876.1	40365	0.885717644159982	0.065091970135792
MA0880.1	40365	0.869311698956537	0.0704877752998176
MA0881.1	40365	0.870885010357248	0.0675468594105361
MA0882.1	40365	0.868883735603761	0.0694676947211714
MA0883.1	40365	0.784552379662692	0.0492837812621531
MA0886.1	40365	0.823453331185428	0.0684443427232844
MA0887.1	40365	0.853193090086231	0.0576467870194981
MA0888.1	40365	0.850301076879873	0.0582464186334769
MA0889.1	40365	0.817027952979874	0.0659135539641775
MA0890.1	40365	0.831215381474162	0.0711275893613813
MA0891.1	40365	0.850005975105273	0.0520559357841577
MA0892.1	40365	0.865130228072759	0.0551802736932803
MA0894.1	40365	0.826599773350798	0.0737407565372999
MA0895.1	40365	0.831854530649394	0.0517958271750314
MA0896.1	40365	0.757822331088014	0.0493726156096683
MA0897.1	40365	0.735637594335181	0.0541785751163023
MA0898.1	40365	0.733520506037768	0.0546008116631623
MA0899.1	40365	0.822976027931708	0.0690676717150073
MA0903.1	40365	0.870094489772044	0.064532353042565
MA0905.1	40365	0.827076491678221	0.0615177413696237
MA0906.1	40365	0.775044746038634	0.0554474997417534
MA0907.1	40365	0.777328969290405	0.0584903445758059
MA0908.1	40365	0.81113057108591	0.0617241206978266
MA0911.1	40365	0.796971769583968	0.0529381828321974
MA0914.1	40365	0.865638061019437	0.0536353233285191
MA0852.2	40365	0.791852284895875	0.0581689278003737
MA0036.3	40365	0.818488519437591	0.0655054250457594
MA1106.1	40365	0.834775853471641	0.0592311850519828
MA0147.3	40365	0.808060407123328	0.0593833458368463
MA0100.3	40365	0.864510597714389	0.0552395934900726
MA0104.4	40365	0.78862501434249	0.0579425241170169
MA1109.1	40365	0.823760918108186	0.0496485934188163
MA0161.2	40365	0.833331790947391	0.0574743225060689
MA0060.3	40365	0.819172241114821	0.0633996451440837
MA1111.1	40365	0.821914463547212	0.0585591439359707
MA0014.3	40365	0.813809876238009	0.0493818836268075
MA1114.1	40365	0.757227219533401	0.0489156844288492
MA1115.1	40365	0.808239519307552	0.0746396192938716
MA1116.1	40365	0.888241728901946	0.0625360058897584
MA1117.1	40365	0.8242692104455	0.0507571761743333
MA1118.1	40365	0.788502746507147	0.0522089683082486
MA1119.1	40365	0.73730650369585	0.0485290077293002
MA0442.2	40365	0.848539153148106	0.0630619468142449
MA1120.1	40365	0.82852879147554	0.0625638749357713
MA1121.1	40365	0.801764367761824	0.0524458827645179
MA1122.1	40365	0.850754430120323	0.0658325371298214
MA0750.2	40365	0.830840318220276	0.0581853445954912
MA0103.3	40365	0.873814005374508	0.0583789849742675
MA1124.1	40365	0.709388543120297	0.0642894697785398
MA1125.1	40365	0.801328266858008	0.113353930884213
MA1154.1	40365	0.740282249348303	0.0391916673129076
MA1155.1	40365	0.730652692599299	0.0454075226563115
MA0099.3	40365	0.810502495689324	0.0568055636806453
MA1126.1	40365	0.748492975570902	0.0503976760652637
MA1127.1	40365	0.753577625930628	0.060619610929035
MA1128.1	40365	0.798811969091369	0.0561117838331101
MA1129.1	40365	0.765239537365515	0.0599571646468926
MA1130.1	40365	0.805392055680612	0.0569118433372591
MA1131.1	40365	0.777599814287498	0.0593326220046483
MA1132.1	40365	0.817655007406782	0.0516184014500609
MA1133.1	40365	0.770397846867545	0.0564132669282356
MA1134.1	40365	0.789483162521794	0.0577794908728027
MA1135.1	40365	0.804322868008402	0.0591779099602719
MA1136.1	40365	0.7802180326269	0.0577613008911493
MA1137.1	40365	0.796481753153087	0.0544741005645648
MA1138.1	40365	0.799237357080207	0.0613700413726742
MA1139.1	40365	0.74852873337915	0.0626790834776485
MA1141.1	40365	0.790717325749563	0.0562108746013049
MA1142.1	40365	0.832496322846178	0.0534735150063365
MA1143.1	40365	0.809832973582413	0.053710261576696
MA1144.1	40365	0.800606984486516	0.058955995443875
MA1145.1	40365	0.756466889765927	0.0572607941137701
MA1146.1	40365	0.757648595480954	0.0367369237615971
MA1147.1	40365	0.77350364047903	0.0369632063678573
MA1148.1	40365	0.759060151245824	0.0363920092965323
MA1149.1	40365	0.790653997478924	0.0374978003522213
MA1150.1	40365	0.825946062601472	0.0475211016039929
MA1151.1	40365	0.83131129709507	0.0439651056576879
MA1152.1	40365	0.866710989638099	0.062173257654462
MA1153.1	40365	0.855793098876228	0.0583978342998435
MA1418.1	40365	0.705076904424674	0.0466277568534659
MA1419.1	40365	0.700740206619106	0.0469372493524613
MA1420.1	40365	0.746667895710408	0.04174049803513
MA1421.1	40365	0.767252427842544	0.0520303732947635
MA1463.1	40365	0.774738074888946	0.0816583533376483
MA1464.1	40365	0.804436844142466	0.062467103630524
MA1466.1	40365	0.73603658594699	0.0451683758515243
MA1468.1	40365	0.849531325688196	0.0403877710418498
MA1101.2	40365	0.709188124480755	0.0499199129426983
MA1470.1	40365	0.694726959567034	0.0437673840590744
MA1471.1	40365	0.813795290471646	0.0729598539200552
MA1473.1	40365	0.792611399146349	0.0641751821277761
MA1474.1	40365	0.795766928087871	0.0463988745937229
MA1475.1	40365	0.78072579000722	0.0535310521521108
MA1478.1	40365	0.804612456391842	0.0521739881483196
MA1479.1	40365	0.774474903012066	0.0550014766450729
MA1480.1	40365	0.804362023526003	0.0544919148302973
MA1481.1	40365	0.858888651316006	0.0729007524860876
MA1484.1	40365	0.8491663321421	0.0521219876746431
MA1485.1	40365	0.769986803344492	0.0463902672824825
MA1489.1	40365	0.765285519633346	0.0823211454828816
MA1493.1	40365	0.801453773702872	0.0449603203993182
MA1494.1	40365	0.727629744317215	0.0437189794203663
MA1495.1	40365	0.868725975968661	0.060749120095123
MA1496.1	40365	0.894797719611536	0.0494007871400627
MA1497.1	40365	0.847252091887969	0.0532978381317907
MA1499.1	40365	0.854708659902832	0.0735706451607331
MA1500.1	40365	0.887435693279306	0.0528709461904499
MA1501.1	40365	0.835433495926229	0.0504670463441202
MA1502.1	40365	0.866515841689854	0.0660996446030371
MA1503.1	40365	0.788597104888388	0.0592569491029883
MA1504.1	40365	0.882143197992696	0.0702634578143044
MA1505.1	40365	0.871616426244497	0.0586137294202729
MA1506.1	40365	0.774285713640419	0.0546701653707456
MA1507.1	40365	0.874672432452051	0.0721879317224746
MA1508.1	40365	0.830863400714579	0.0523531117897948
MA1509.1	40365	0.792628601240441	0.0486918752396445
MA1512.1	40365	0.865988991149302	0.0618297833525469
MA1513.1	40365	0.862174555708753	0.0993997238774871
MA1514.1	40365	0.782727449540614	0.0503565180349455
MA1515.1	40365	0.895315830812558	0.0616588284791275
MA1516.1	40365	0.847133587799722	0.0612513377801399
MA1517.1	40365	0.881119789328732	0.057894350743686
MA1519.1	40365	0.829729848669692	0.0775391427329482
MA1520.1	40365	0.750463287205654	0.0408425179457128
MA1521.1	40365	0.760343545686008	0.0409932158561761
MA1522.1	40365	0.878388810512646	0.0757438632437391
MA1523.1	40365	0.848084086630156	0.0473439725261122
MA1527.1	40365	0.743113630885763	0.0505354255410428
MA1528.1	40365	0.756598750512896	0.0494439177723428
MA1529.1	40365	0.736557871303444	0.0480968590714574
MA1530.1	40365	0.854020998158248	0.060568002880966
MA1531.1	40365	0.773375961234825	0.0404870943683144
MA1533.1	40365	0.785486208269532	0.0339834944237226
MA1534.1	40365	0.840935073922366	0.052957826119909
MA1535.1	40365	0.910231642787888	0.0556187316215761
MA1536.1	40365	0.947016875127465	0.0355385105499112
MA1537.1	40365	0.753456546511788	0.0421362901779856
MA1538.1	40365	0.736700936785398	0.0425529499557241
MA1539.1	40365	0.722010309755363	0.0434675676135651
MA1541.1	40365	0.747953181477318	0.0418879840229162
MA1542.1	40365	0.833761189843926	0.0444435503090265
MA1544.1	40365	0.747272401023586	0.0494543885400112
MA1545.1	40365	0.7871606141154	0.0473679300657226
MA1546.1	40365	0.749058045476501	0.0373075244468553
MA1548.1	40365	0.846849021864486	0.0687953410317902
MA1549.1	40365	0.833355988672277	0.0581755085264895
MA1550.1	40365	0.752807117282336	0.0416423314697352
MA1552.1	40365	0.754841548415956	0.0401817485220485
MA1553.1	40365	0.741497689709424	0.0413637867980243
MA1554.1	40365	0.884609603271238	0.0375470193125297
MA1555.1	40365	0.764017358706169	0.0420133368531485
MA1556.1	40365	0.760599251499211	0.0440196237206282
MA1557.1	40365	0.781786801779135	0.0449717525727873
MA1558.1	40365	0.875227702537452	0.0522696923712838
MA1559.1	40365	0.835788258210897	0.0511456788271671
MA1560.1	40365	0.803128282190001	0.0596318894126812
MA1561.1	40365	0.765014346047103	0.0494133374885505
MA1562.1	40365	0.778756884339536	0.0536288006296369
MA1564.1	40365	0.866375727536187	0.065545747135227
MA1565.1	40365	0.815483074113307	0.0446902103529317
MA1568.1	40365	0.810153567243703	0.0383906890494593
MA1569.1	40365	0.877073262345448	0.0633517983350763
MA1570.1	40365	0.860542718619198	0.0471528981921357
MA1571.1	40365	0.748905276618235	0.0462607243987874
MA1572.1	40365	0.756003362392646	0.0457060131938791
MA1574.1	40365	0.798657458877529	0.0375241751484267
MA1575.1	40365	0.739014176260485	0.0410084610353863
MA1576.1	40365	0.738019305563419	0.0364369332769974
MA1577.1	40365	0.841700191418442	0.0878551990711938
MA1578.1	40365	0.867749959372184	0.0599926483102984
MA1579.1	40365	0.826464767163701	0.0552578905099005
MA1580.1	40365	0.77735909254477	0.0620789879500231
MA1581.1	40365	0.82625568562193	0.0515789549191143
MA1583.1	40365	0.822918194439943	0.0548587188926723
MA1584.1	40365	0.774633439564177	0.049253796609069
MA1585.1	40365	0.790783587503978	0.0507645649031281
MA1587.1	40365	0.785497880463088	0.0556621511859698
MA1588.1	40365	0.727839616632837	0.0455147547120409
MA1589.1	40365	0.686638610465178	0.0373647507360958
MA1592.1	40365	0.775544052911185	0.0402013254813647
MA1593.1	40365	0.795690372315341	0.0518412903611871
MA1594.1	40365	0.680282814460939	0.0332990143272128
MA1596.1	40365	0.778597956949917	0.0718068707065884
MA1597.1	40365	0.706346689571772	0.0417309049583289
MA1599.1	40365	0.767234562077602	0.0536619694293092
MA1600.1	40365	0.727190755060584	0.0369448774915643
MA1602.1	40365	0.784525977035221	0.0443388009122287
MA1603.1	40365	0.756319160998874	0.0585754465122321
MA1604.1	40365	0.799389917636297	0.0550908156332256
MA1606.1	40365	0.811476715230471	0.0755527603371205
MA1607.1	40365	0.77440073368547	0.0705478793541831
MA1608.1	40365	0.817113111115433	0.0608261217119924
MA1615.1	40365	0.826231554032721	0.0604458039708056
MA1616.1	40365	0.774600691483416	0.0455353628204372
MA1618.1	40365	0.817187072999695	0.0540581776877277
MA1619.1	40365	0.827272402202106	0.0576800847866006
MA1620.1	40365	0.83293408074433	0.0545313620908347
MA1621.1	40365	0.831152912853362	0.0527260977278003
MA1623.1	40365	0.789139392088322	0.0688710346661731
MA1624.1	40365	0.80379605461015	0.058091139048017
MA1625.1	40365	0.789453951341907	0.059559247857473
MA1627.1	40365	0.829249729787238	0.0617024912346561
MA1628.1	40365	0.869524956227698	0.0540634281064213
MA1629.1	40365	0.804640868798132	0.0500122074460001
MA1100.2	40365	0.874511632689504	0.0499158586899069
MA0605.2	40365	0.737748988856962	0.0637422801976661
MA0462.2	40365	0.7892714797775	0.0645360646304858
MA0463.2	40365	0.738888830124465	0.0437340119422744
MA0864.2	40365	0.756000404260761	0.0441292787510805
MA0469.3	40365	0.693502326352271	0.043295892335371
MA0470.2	40365	0.747752735881689	0.0449852262565873
MA0612.2	40365	0.833959708590174	0.0720426882047627
MA0766.2	40365	0.846151540453322	0.0566618535001386
MA0038.2	40365	0.796206869137943	0.050675415882224
MA0893.2	40365	0.891719386733395	0.0549946756770978
MA1099.2	40365	0.853496260833246	0.0655855733069697
MA0616.2	40365	0.808191882968498	0.0644723827931957
MA0900.2	40365	0.832621900725432	0.0753806201798767
MA0158.2	40365	0.863240099028778	0.0597008405144544
MA0594.2	40365	0.859241325622901	0.0464835350662014
MA0902.2	40365	0.873194553307591	0.0647983769774791
MA0904.2	40365	0.853129188212489	0.0633154432054696
MA0485.2	40365	0.778816674038925	0.0605586626496986
MA0912.2	40365	0.817873330005639	0.0663545075753609
MA0910.2	40365	0.861948168630479	0.0644104220228602
MA0913.2	40365	0.813729811679618	0.069368076422226
MA1140.2	40365	0.719237059305152	0.0592487259643447
MA0701.2	40365	0.829917263850772	0.0717944041827203
MA0702.2	40365	0.797050908022978	0.0855203960235869
MA0703.2	40365	0.74576253301007	0.0924411572450178
MA0623.2	40365	0.791749058818608	0.0515406109437786
MA0842.2	40365	0.778915095080063	0.048582473816375
MA0682.2	40365	0.848156131781117	0.0670816931667057
MA0075.3	40365	0.813130586039841	0.0829939268609814
MA0867.2	40365	0.863212979567199	0.0565459054480992
MA0868.2	40365	0.828152896342407	0.0591139867428199
MA0746.2	40365	0.853727292713867	0.0655866459059078
MA0632.2	40365	0.836880358073378	0.0661565128332101
MA0871.2	40365	0.795782586984382	0.0602578923129546
MA0753.2	40365	0.804291215405149	0.0642897569901941
MA0122.3	40365	0.775354463381779	0.0607441282734669
MA1707.1	40365	0.794713424305022	0.0564699890756749
MA1708.1	40365	0.861154923674004	0.0481214360905329
MA1709.1	40365	0.767848195472577	0.0570227037746373
MA1710.1	40365	0.880808496722029	0.0477854326768545
MA1711.1	40365	0.749182731050494	0.0451859600120777
MA1712.1	40365	0.793471949839685	0.0540860224499068
MA1713.1	40365	0.803982670149099	0.076209834167141
MA1714.1	40365	0.741244064061709	0.0359644069806508
MA1715.1	40365	0.731606183256225	0.0424284140300904
MA1716.1	40365	0.739167567717026	0.041890221502521
MA1717.1	40365	0.790123948051973	0.0472540207837403
MA1718.1	40365	0.656187622170911	0.0457582993801565
MA1719.1	40365	0.744735059457825	0.0454989896214512
MA1720.1	40365	0.750868098890237	0.0475727074290268
MA1721.1	40365	0.775962139935341	0.072431701502252
MA1722.1	40365	0.706411549359539	0.0357715973490721
MA1723.1	40365	0.807097586283336	0.0458706743670561
MA1724.1	40365	0.788671050080036	0.0496704959904953
MA1631.1	40365	0.840462566385241	0.0540132822304973
MA1632.1	40365	0.779396291047377	0.0631500540724003
MA1634.1	40365	0.790885516053277	0.0648769131010193
MA1635.1	40365	0.858168297243615	0.0684316088318568
MA1636.1	40365	0.760679207695431	0.0565277693560684
MA1637.1	40365	0.799563715091897	0.0568701320995474
MA1638.1	40365	0.863597006493569	0.0584828442469199
MA1639.1	40365	0.779984927027343	0.0634675711834125
MA1640.1	40365	0.753080888663883	0.0661290787123478
MA1641.1	40365	0.818164836998877	0.0569324423910157
MA1642.1	40365	0.83187343353541	0.051692189310895
MA1643.1	40365	0.711571071535515	0.0461035234979512
MA1644.1	40365	0.817861326226941	0.0645829892944666
MA1645.1	40365	0.812917770569433	0.0477086675838852
MA1646.1	40365	0.83821139064344	0.0511617848369188
MA1648.1	40365	0.871834699460122	0.0553323242128371
MA1649.1	40365	0.840656803629789	0.0523468687210833
MA1650.1	40365	0.82176420782229	0.0734592054535762
MA1651.1	40365	0.732758119613255	0.052276852716885
MA1652.1	40365	0.821348564948253	0.0517003663425165
MA1653.1	40365	0.851432850955109	0.0778079158760845
MA1654.1	40365	0.70024684832651	0.0339660531143448
MA1655.1	40365	0.821938009476431	0.0506582870118259
MA1656.1	40365	0.800959764201873	0.049558837717526
MA1657.1	40365	0.766530285832318	0.0618886306108377
MA1683.1	40365	0.813095096775042	0.0717133973389649
MA1725.1	40365	0.804602686891863	0.0475084330034697
MA1726.1	40365	0.785702886311347	0.0499891577789517
MA1727.1	40365	0.795565300463346	0.0549807420764472
MA1728.1	40365	0.836320532645598	0.0529585957486511
MA1729.1	40365	0.756769701416474	0.0481683376196513
MA1730.1	40365	0.787059331540686	0.0449107978358152
MA1731.1	40365	0.797345441825331	0.0423128482653207
MA0833.2	40365	0.762444027474024	0.0566744482688741
MA0835.2	40365	0.788827905172935	0.0633747323806927
MA0465.2	40365	0.785429647959226	0.0703418365549182
MA0102.4	40365	0.762471646260089	0.0588624910881967
MA0836.2	40365	0.776520836857105	0.0585270955874617
MA0018.4	40365	0.786484871688404	0.0681210844552376
MA1102.2	40365	0.840234464373111	0.0672454618575585
MA0471.2	40365	0.852937851687141	0.0574455974334093
MA0154.4	40365	0.782018154151478	0.0527249308600683
MA0162.4	40365	0.813387494818825	0.0706669439030921
MA0598.3	40365	0.803000896421188	0.0518175635501905
MA0473.3	40365	0.80706067775809	0.0523639901507372
MA0640.2	40365	0.819871764959172	0.0505823187350074
MA0592.3	40365	0.776038225178699	0.0537522685040725
MA0761.2	40365	0.813463225779777	0.0521359733356006
MA0477.2	40365	0.781214048826166	0.0628037713383818
MA0148.4	40365	0.786644897814039	0.0693086696230202
MA0047.3	40365	0.809930581699572	0.0714822167214828
MA1103.2	40365	0.811098605406067	0.0718606037116341
MA0481.3	40365	0.81593627297703	0.0728254906234416
MA0062.3	40365	0.806157254942382	0.0516638906977501
MA0035.4	40365	0.807634806289696	0.0627692479202896
MA0482.2	40365	0.802463399951055	0.0580155719484634
MA1104.2	40365	0.778608256514614	0.0639839765117893
MA1105.2	40365	0.782376326997939	0.0548315277187084
MA0043.3	40365	0.770775781109245	0.0630979848029525
MA0114.4	40365	0.779609183335602	0.0537660324927072
MA0484.2	40365	0.784600607513093	0.0527120760969104
MA0901.2	40365	0.767562275269662	0.0787981157257084
MA0490.2	40365	0.766553957461245	0.06425796433019
MA0491.2	40365	0.770107328145744	0.0634659903972589
MA0039.4	40365	0.880143370287046	0.0688055231187271
MA1107.2	40365	0.795138786737431	0.0584022274679626
MA0700.2	40365	0.801821767892308	0.0751725032007079
MA0495.3	40365	0.743367809561765	0.0536648569514422
MA0496.3	40365	0.745604506088051	0.0534749327458292
MA0052.4	40365	0.766114900689044	0.0788243183341066
MA0620.3	40365	0.751249698911819	0.054446888396945
MA1108.2	40365	0.863437642283475	0.0620100662404864
MA0499.2	40365	0.825311888729457	0.0498552864400345
MA0500.2	40365	0.827360803949927	0.063260458802133
MA0056.2	40365	0.819063450675682	0.0490495915602819
MA0089.2	40365	0.737065359253208	0.0487923792100254
MA0025.2	40365	0.76981424772121	0.0688610968364906
MA0502.2	40365	0.803395612382758	0.057742992531408
MA0063.2	40365	0.833695563683816	0.0561626109541653
MA1112.2	40365	0.818970358883854	0.0576201649707792
MA0679.2	40365	0.716940567729699	0.0796243508514892
MA0712.2	40365	0.822898551049467	0.0625579851985074
MA1113.2	40365	0.764019713597312	0.0707821070638729
MA0681.2	40365	0.702952548465333	0.0909696111813397
MA0782.2	40365	0.77001998340992	0.0531763172200659
MA0627.2	40365	0.768280753559639	0.0740439784304675
MA0508.3	40365	0.84782502016951	0.0591668083800933
MA0684.2	40365	0.823563967494344	0.0560559713233312
MA0743.2	40365	0.758907675635174	0.0472549123724322
MA0744.2	40365	0.762524584115369	0.046606294536956
MA0745.2	40365	0.814634143203834	0.0536161603218819
MA0143.4	40365	0.822742196167038	0.0610792575733557
MA0081.2	40365	0.777762811507632	0.0471804310254433
MA0829.2	40365	0.768822341064783	0.0546310960759055
MA0522.3	40365	0.871954021389549	0.0548371126346679
MA0830.2	40365	0.839105429054445	0.0542807527963613
MA0769.2	40365	0.824936980589486	0.0618669613372386
MA0090.3	40365	0.792469060363943	0.0538970051100759
MA0809.2	40365	0.811105268097835	0.0542245333304309
MA0003.4	40365	0.818989441111934	0.0569192763192095
MA0814.2	40365	0.825860242198509	0.0588089847663817
MA1123.2	40365	0.816106889239849	0.0523656297591023
MA0093.3	40365	0.7717642833064	0.0537245345941949
MA0748.2	40365	0.822306488398923	0.0620791525294226
MA0528.2	40365	0.8567707742069	0.0633458177515496
MA0609.2	40365	0.727314034125671	0.0594435559635007
MA1684.1	40365	0.956939397095331	0.0605157401745455
MA1928.1	40365	0.801297458604264	0.0623592462469516
MA1929.1	40365	0.687095126775823	0.0380522983474841
MA1930.1	40365	0.679233588169596	0.0367376733964494
MA1931.1	40365	0.735133492888892	0.0459830151706836
MA1932.1	40365	0.729030222263499	0.0402654945802729
MA1933.1	40365	0.745379341976768	0.0430379078626001
MA1934.1	40365	0.779425749475741	0.0440026539694781
MA1935.1	40365	0.824575318840581	0.0398334258535694
MA1936.1	40365	0.834642314457088	0.0370132238125616
MA1937.1	40365	0.792079671012752	0.0399895176859174
MA1938.1	40365	0.759909078296481	0.0398344984975826
MA1939.1	40365	0.735324002050518	0.0375775713226301
MA1940.1	40365	0.761745012856819	0.0442556778970392
MA1941.1	40365	0.765229649158068	0.0425087524346535
MA1942.1	40365	0.791080450009024	0.0426472685702514
MA1943.1	40365	0.764408445991477	0.0418751722061096
MA1944.1	40365	0.778050152483727	0.0402716048511401
MA1945.1	40365	0.776020291489257	0.0444650135974727
MA1946.1	40365	0.809119305509439	0.0387747845278645
MA1947.1	40365	0.826430124149012	0.0399090891302286
MA1948.1	40365	0.782119085886753	0.038472027684478
MA1949.1	40365	0.747499643913397	0.0402009743640991
MA1950.1	40365	0.792010944383021	0.0470895967399077
MA1951.1	40365	0.722179119456794	0.0547223836486808
MA1952.1	40365	0.806437896571409	0.04617281647562
MA1953.1	40365	0.796622559660359	0.0449161225400266
MA1954.1	40365	0.79277535469118	0.0472328112273182
MA1955.1	40365	0.787094751975793	0.0468143936401226
MA1956.1	40365	0.775674263487451	0.0461678038063557
MA1957.1	40365	0.747727559028607	0.0438159540250416
MA1958.1	40365	0.722040340467769	0.0423983561112288
MA1959.1	40365	0.91491599029517	0.0757238368240367
MA1960.1	40365	0.781851088222781	0.0508970147080305
MA1961.1	40365	0.885781171185074	0.078341251714424
MA1962.1	40365	0.724855111985746	0.0570884530764049
MA1963.1	40365	0.767169039873124	0.0801985333601671
MA1964.1	40365	0.876788334227252	0.0575009799004931
MA1965.1	40365	0.915508116300905	0.0689577738624582
MA1966.1	40365	0.787174350721581	0.0437498374174049
MA1967.1	40365	0.72689278604158	0.0446158741107555
MA1968.1	40365	0.802889331093614	0.0468206056286047
MA1969.1	40365	0.718791516981901	0.0372704323125302
MA1970.1	40365	0.788487751176549	0.0655713730757007
MA1971.1	40365	0.812408994566271	0.0466725762764388
MA1972.1	40365	0.828455719315924	0.0431547634727997
MA1973.1	40365	0.737010048906703	0.042972435079678
MA1974.1	40365	0.721862602805462	0.0619915370443436
MA1975.1	40365	0.768161327212247	0.0410263731459157
MA1976.1	40365	0.752837478482305	0.0453335538929439
MA1977.1	40365	0.756285356681156	0.0362145358945111
MA1978.1	40365	0.735570571264917	0.0604912648740679
MA1979.1	40365	0.813016048193147	0.0481879588186736
MA1980.1	40365	0.772552250587751	0.0398804966568373
MA1981.1	40365	0.798422846549919	0.0537286658107683
MA1982.1	40365	0.793327700496036	0.0462178259200407
MA1983.1	40365	0.664045574282563	0.0382453035846736
MA1984.1	40365	0.799857041161051	0.0410401134493008
MA1985.1	40365	0.753714185226795	0.0459384381477008
MA1986.1	40365	0.85822938291772	0.0663350445253538
MA1987.1	40365	0.789071993722729	0.0393771848620668
MA1988.1	40365	0.816471385543999	0.0633667764948543
MA1989.1	40365	0.776550988964014	0.0570656818197999
MA1990.1	40365	0.791138349291769	0.0480633563483785
MA1991.1	40365	0.798268153058807	0.0489333156796203
MA1992.1	40365	0.809903345875395	0.0484986776964512
MA1993.1	40365	0.869751575573928	0.06528778804731
MA1994.1	40365	0.802139400831725	0.0567362745936844
MA1995.1	40365	0.81431320305124	0.0523000610487939
MA1996.1	40365	0.857422012851722	0.0611418885471301
MA1997.1	40365	0.871016552068951	0.0664685908416716
MA1998.1	40365	0.793047073397255	0.0474298959830196
MA1999.1	40365	0.767274947423383	0.0431757849083499
MA2001.1	40365	0.812734972086965	0.0555282488127628
MA2002.1	40365	0.874660473237622	0.0467021247637309
MA2003.1	40365	0.880344672773706	0.0400998873165719
MA0037.4	40365	0.802863597159851	0.0618466788159071
MA0041.2	40365	0.771348428949798	0.0682836465504065
MA0050.3	40365	0.758578649608244	0.0613879319182232
MA0067.2	40365	0.770796356247058	0.0346774033105193
MA0078.2	40365	0.78351711103209	0.0554414430347574
MA0079.5	40365	0.900279260657639	0.083529117436701
MA0080.6	40365	0.765095377907609	0.0493337963269903
MA0087.2	40365	0.804116591457653	0.0499742321886407
MA0095.3	40365	0.806185579414585	0.0624461380708746
MA0136.3	40365	0.842415070075559	0.0524132688324756
MA0152.2	40365	0.785650499910169	0.0593623646507341
MA0156.3	40365	0.800911182787076	0.0561673618992545
MA0157.3	40365	0.819153842567881	0.0674763360579175
MA0160.2	40365	0.842183937912413	0.049826466391048
MA0466.3	40365	0.731676256874242	0.0491881089200696
MA0467.2	40365	0.837961252946688	0.0719117350765995
MA0474.3	40365	0.816913866351659	0.0501180974827699
MA0480.2	40365	0.829726798769544	0.0653110920429861
MA0489.2	40365	0.802132722628109	0.0635529268573709
MA0493.2	40365	0.925685689953997	0.072656762668706
MA0505.2	40365	0.772212037274495	0.0503086257926185
MA0506.2	40365	0.775857158005181	0.0763250526978135
MA0507.2	40365	0.720134676409991	0.0710091432997233
MA0509.3	40365	0.698971863244166	0.0516959792320366
MA0514.2	40365	0.835957624800329	0.0600785259080303
MA0516.3	40365	0.909528439652481	0.0750525308700462
MA0521.2	40365	0.841536422397282	0.0628754008773322
MA0526.4	40365	0.753259009776139	0.0590731580045664
MA0606.2	40365	0.812625820947618	0.0596970397765221
MA0607.2	40365	0.769844926371931	0.0508154993874055
MA0611.2	40365	0.725787257115038	0.0658556434602287
MA0624.2	40365	0.83260444069144	0.0616276806006978
MA0625.2	40365	0.913941682543752	0.0416346435729738
MA0633.2	40365	0.872616109514517	0.0694374900870702
MA0642.2	40365	0.865402845417889	0.0637738648953479
MA0644.2	40365	0.849484272743701	0.0712135881333617
MA0650.3	40365	0.804334484742789	0.0691219167168575
MA0651.2	40365	0.736252194650266	0.0542043911651463
MA0659.3	40365	0.737579613588052	0.0488100768041778
MA0666.2	40365	0.848221560139383	0.0725495162598718
MA0668.2	40365	0.810700183728426	0.0473381162310863
MA0680.2	40365	0.709792393990223	0.0833941133225426
MA0685.2	40365	0.911244909104125	0.0762699758850704
MA0690.2	40365	0.785538267195474	0.046165467149866
MA0693.3	40365	0.83495057209543	0.0606601510425242
MA0697.2	40365	0.818199727858926	0.0542575588787324
MA0707.2	40365	0.880624013673914	0.0687912900090895
MA0708.2	40365	0.855322896712092	0.0691030851716182
MA0723.2	40365	0.899822748126169	0.0546168696251859
MA0734.3	40365	0.808457628573288	0.0484431905789514
MA0740.2	40365	0.914123489157484	0.0719639805190909
MA0742.2	40365	0.8961622738458	0.0812949957671544
MA0754.2	40365	0.758998122800532	0.0602528652331428
MA0756.2	40365	0.786249885724625	0.0554499500330949
MA0759.2	40365	0.809030969262928	0.0606335397687202
MA0764.3	40365	0.835016651323072	0.0562644328539649
MA0765.3	40365	0.806877723486196	0.0597648566833119
MA0768.2	40365	0.778246613304009	0.0540393426381523
MA0784.2	40365	0.707202594959781	0.0670979429857965
MA0798.3	40365	0.702943804830616	0.0503000835129124
MA0799.2	40365	0.71095015661954	0.0475231640272259
MA0818.2	40365	0.786277955896121	0.0511835592745897
MA0819.2	40365	0.839158835459892	0.0510429494118467
MA0821.2	40365	0.819080942581825	0.0554107426511091
MA0828.2	40365	0.72379363313153	0.0556498642489561
MA0831.3	40365	0.761484103400506	0.0604896865104431
MA0837.2	40365	0.735462630291096	0.0490614709988391
MA0847.3	40365	0.804911705662193	0.0631581507066591
MA0865.2	40365	0.803636208425479	0.0456291050031807
MA0869.2	40365	0.830785855062969	0.0512239211419081
MA0877.3	40365	0.827470278862346	0.0596614584265194
MA0878.3	40365	0.79909908771803	0.0635600826295993
MA0879.2	40365	0.885224794123252	0.0605758569157223
MA0884.2	40365	0.757083134740417	0.0648639071710216
MA0885.2	40365	0.788526242836135	0.0615130585747695
MA0909.3	40365	0.812234014422944	0.0794749092283015
MA1110.2	40365	0.877344192660297	0.0600778254086236
MA1467.2	40365	0.838885852270482	0.0543963381423256
MA1472.2	40365	0.823793379025297	0.0540207229834439
MA1476.2	40365	0.789552490504813	0.062723142702777
MA1483.2	40365	0.814978768393983	0.0494717212485446
MA1487.2	40365	0.790496811007115	0.0643840492708043
MA1491.2	40365	0.729020388758501	0.0419593400025118
MA1498.2	40365	0.882349548775508	0.0588803606610531
MA1511.2	40365	0.903617364019803	0.0770349339335656
MA1518.2	40365	0.715780242311415	0.0554709743685564
MA1524.2	40365	0.782341689710187	0.0460184480621641
MA1525.2	40365	0.852652630377816	0.0562965100756588
MA1532.2	40365	0.746354616859402	0.0399720152833494
MA1547.2	40365	0.839554072637402	0.0636325949505152
MA1563.2	40365	0.899790856988532	0.0543320926020921
MA1566.2	40365	0.805495747178447	0.0474900396092967
MA1567.2	40365	0.814771321879816	0.0473187164241262
MA1573.2	40365	0.734483277042228	0.0596868356226107
MA1601.2	40365	0.780003092661702	0.0436075831462414
MA1630.2	40365	0.863872015811034	0.075478703292145
MA1633.2	40365	0.791266877421103	0.0609720037544597
MA1647.2	40365	0.758698683507903	0.044684543024397
MA0597.2	40365	0.846117438830063	0.0556802025088554
MA1540.2	40365	0.733934356463062	0.0485287511178024
