[SHORT TFBS MATRIX]
MA0004.1	40237	0.827744718823197	0.0753844671209792
MA0006.1	40237	0.881889901234799	0.0719016818245468
MA0019.1	40237	0.795437453593405	0.0469036396030041
MA0029.1	40237	0.707728250124362	0.0646401044918984
MA0030.1	40237	0.732421686817554	0.0693590748361984
MA0031.1	40237	0.786798497287861	0.0790957103365748
MA0040.1	40237	0.756583329017482	0.0773477668070037
MA0041.1	40237	0.791449567796837	0.0748794764579192
MA0051.1	40237	0.720501509848088	0.052535965280706
MA0057.1	40237	0.889139515385546	0.0436799502426575
MA0059.1	40237	0.770354098046769	0.0532294800316298
MA0066.1	40237	0.717242830633738	0.0369252694127083
MA0067.1	40237	0.904240645597108	0.0441523224553617
MA0069.1	40237	0.741036134340507	0.0427128069327773
MA0070.1	40237	0.748932614791047	0.0602043606506715
MA0071.1	40237	0.784018208444512	0.0607953572793955
MA0072.1	40237	0.726306036555895	0.0593169119748594
MA0073.1	40237	0.769653402786075	0.0507656006463681
MA0074.1	40237	0.728474584504523	0.0423873159293259
MA0077.1	40237	0.808223357005389	0.0620760358375246
MA0078.1	40237	0.837202952041837	0.066707462143611
MA0084.1	40237	0.82743769623413	0.0765293423685548
MA0087.1	40237	0.812558160736966	0.0853897342000775
MA0091.1	40237	0.780667410687849	0.0525181755197069
MA0092.1	40237	0.853634783612249	0.0444096267169566
MA0101.1	40237	0.840235394710604	0.0512764730819163
MA0107.1	40237	0.792829431900188	0.0591831506700822
MA0108.2	40237	0.779227954458205	0.0704322585483731
MA0109.1	40237	0.915117629119454	0.0538595462930332
MA0111.1	40237	0.84571926717836	0.0343090043180418
MA0115.1	40237	0.643484973774923	0.0482882903843074
MA0116.1	40237	0.801804963801341	0.0466233172898874
MA0119.1	40237	0.709694198641218	0.0525857876646019
MA0125.1	40237	0.811805690989729	0.0747134800995847
MA0130.1	40237	0.933974819907146	0.0519263761472476
MA0135.1	40237	0.724395326081274	0.0829458840893452
MA0139.1	40237	0.761411911867475	0.0462486824560925
MA0142.1	40237	0.708187283397218	0.065192380910569
MA0149.1	40237	0.659801347918355	0.0573764556910177
MA0138.2	40237	0.669202835580019	0.0406877004738206
MA0002.2	40237	0.823901191744217	0.0486783472279369
MA0065.2	40237	0.78859407837338	0.0407969569414856
MA0151.1	40237	0.827491860212521	0.102252057523803
MA0152.1	40237	0.862021713204049	0.06438759918374
MA0155.1	40237	0.836477265397896	0.0453728779347887
MA0159.1	40237	0.776675708213156	0.035959538596061
MA0160.1	40237	0.861273124383728	0.0514555732226355
MA0163.1	40237	0.779169961814915	0.0549669665951633
MA0164.1	40237	0.781518171787688	0.0806063841279157
MA0259.1	40237	0.863795349781405	0.064724323000835
MA0146.2	40237	0.831124235647088	0.0691158468019525
MA0467.1	40237	0.783984485270929	0.0525805568668554
MA0468.1	40237	0.756999593872307	0.0717352797142123
MA0476.1	40237	0.780041590989116	0.0674194707950118
MA0478.1	40237	0.786828361436695	0.0599579843510212
MA0479.1	40237	0.779483085023934	0.0649552530415639
MA0480.1	40237	0.791525884828341	0.0652855777794072
MA0483.1	40237	0.801992814326352	0.0577019760160534
MA0488.1	40237	0.761951327739017	0.0620300163885462
MA0489.1	40237	0.764638134725943	0.0606803162513939
MA0492.1	40237	0.762692463925948	0.0607282331316096
MA0493.1	40237	0.845626441120583	0.0568412869850908
MA0494.1	40237	0.76845804881586	0.0373305088884763
MA0497.1	40237	0.754244047129678	0.0727341964041207
MA0501.1	40237	0.714841520266887	0.0521064176024663
MA0503.1	40237	0.826038733781316	0.0461905474039957
MA0504.1	40237	0.804016244992888	0.0409876388766567
MA0505.1	40237	0.747337364781255	0.0482349473339699
MA0506.1	40237	0.827976842055584	0.0765893944647141
MA0507.1	40237	0.72842197540138	0.0801593368966334
MA0513.1	40237	0.777670900362347	0.0487182028312079
MA0514.1	40237	0.836398965606673	0.0597315640247449
MA0515.1	40237	0.825116500305547	0.0622911246247608
MA0517.1	40237	0.742382435441488	0.0637426883054941
MA0518.1	40237	0.799856175940013	0.0564270485658239
MA0519.1	40237	0.810981171433913	0.0589688408100328
MA0520.1	40237	0.769933418695437	0.0622324305661521
MA0521.1	40237	0.834671592860987	0.0594006375596192
MA0523.1	40237	0.777289045919832	0.0579399138506206
MA0527.1	40237	0.754439543718476	0.0579804653560626
MA0076.2	40237	0.832684196965105	0.0620996540325854
MA0258.2	40237	0.77531139309671	0.0437410341646475
MA0050.2	40237	0.704307617513728	0.0664801605866214
MA0150.2	40237	0.718441238197329	0.0498408325107663
MA0137.3	40237	0.789158782816879	0.0620877022904755
MA0144.2	40237	0.823694351236167	0.0576859428109315
MA0140.2	40237	0.727528291677242	0.0564465260476367
MA0095.2	40237	0.763239833222537	0.0647917434663762
MA0591.1	40237	0.742090304036227	0.0462235511173144
MA0593.1	40237	0.775877080570379	0.0795229111800552
MA0595.1	40237	0.824330905545605	0.0500362377789511
MA0596.1	40237	0.803644314963683	0.0518941664055457
MA0597.1	40237	0.905545661216606	0.0345310192813649
MA0599.1	40237	0.909102412732975	0.071467178050538
MA0601.1	40237	0.724115130405362	0.110273680571989
MA0602.1	40237	0.727147835032542	0.083399599867147
MA0603.1	40237	0.787716525010546	0.0648591634533067
MA0604.1	40237	0.813732160167786	0.0626423846301224
MA0606.1	40237	0.829815964297639	0.0651496732356899
MA0607.1	40237	0.823072770529981	0.0581302523407544
MA0608.1	40237	0.803389089865771	0.0591573090478556
MA0610.1	40237	0.744819218693507	0.0667725141509554
MA0611.1	40237	0.804206015822205	0.0869793267768282
MA0613.1	40237	0.772556297081693	0.0890749464492656
MA0614.1	40237	0.803475551562231	0.0820555460782809
MA0615.1	40237	0.798871528809896	0.0479254795124961
MA0618.1	40237	0.80214550778842	0.0719710659831922
MA0619.1	40237	0.787103929388078	0.0971155480643035
MA0621.1	40237	0.695715136893365	0.105756260671243
MA0622.1	40237	0.784885373002067	0.0813176982853111
MA0624.1	40237	0.842938986114848	0.0595585685121592
MA0625.1	40237	0.823254667860018	0.0623771658152401
MA0626.1	40237	0.805292481505442	0.0637695953858419
MA0628.1	40237	0.713226938771869	0.0895344694160908
MA0629.1	40237	0.76297322175095	0.0495227391356536
MA0630.1	40237	0.802979633280472	0.0915015145309386
MA0631.1	40237	0.694196348586744	0.0514150235480903
MA0633.1	40237	0.762032022647104	0.0699952563004142
MA0634.1	40237	0.785482920595093	0.0786500396097193
MA0007.3	40237	0.696538945751495	0.0460245562627612
MA0635.1	40237	0.821684871221538	0.0660512972636674
MA0636.1	40237	0.747879324582147	0.061484687957249
MA0637.1	40237	0.763957297050088	0.0398162248123445
MA0638.1	40237	0.737111794785506	0.0503322067519984
MA0639.1	40237	0.744758080350495	0.0676822523240992
MA0641.1	40237	0.757024128406073	0.0592518875626215
MA0136.2	40237	0.840080918628225	0.0545909530702841
MA0027.2	40237	0.820756780409511	0.0795173944013517
MA0642.1	40237	0.831629235383529	0.0593310305876893
MA0643.1	40237	0.782954564066498	0.0538582635938841
MA0644.1	40237	0.798971284182924	0.0766730597765017
MA0645.1	40237	0.828683586408678	0.0610506643052842
MA0475.2	40237	0.806812343051119	0.0604759968628831
MA0042.2	40237	0.801925595858793	0.0795775639634647
MA0033.2	40237	0.83536888048119	0.0778423064463372
MA0157.2	40237	0.77736121801689	0.076046342103537
MA0646.1	40237	0.782594431127673	0.0455499029146051
MA0647.1	40237	0.710534202265136	0.0595453798139955
MA0648.1	40237	0.789189523678384	0.0661418478897844
MA0649.1	40237	0.789709026715854	0.0598754577223575
MA0131.2	40237	0.802467482112931	0.0601331242062675
MA0046.2	40237	0.682015825128906	0.0785604210238367
MA0153.2	40237	0.67406856933437	0.0778404848481176
MA0651.1	40237	0.749995624480218	0.0648124580997946
MA0486.2	40237	0.701596711323878	0.0585859103847779
MA0652.1	40237	0.684973958779816	0.0533677593004015
MA0653.1	40237	0.656281978910702	0.0546370383182381
MA0654.1	40237	0.787852069631088	0.0909039249065097
MA0655.1	40237	0.728895943116646	0.06975348317555
MA0656.1	40237	0.707635665319265	0.0686881537393263
MA0657.1	40237	0.720904992000283	0.0483474462927504
MA0658.1	40237	0.766493713977887	0.0697327707158042
MA0660.1	40237	0.695460438160718	0.0796575913055829
MA0661.1	40237	0.794690352675673	0.0685205429164873
MA0662.1	40237	0.811428362240974	0.0787806351363425
MA0663.1	40237	0.743208284962224	0.0599068272414073
MA0664.1	40237	0.762729512896254	0.0621839176620063
MA0665.1	40237	0.778206887503294	0.0518847835126572
MA0666.1	40237	0.818618807406788	0.0745308663235706
MA0667.1	40237	0.755688285440314	0.05709525196785
MA0668.1	40237	0.824649849811637	0.040745867477317
MA0669.1	40237	0.75896879828233	0.0533636626749284
MA0670.1	40237	0.805035580070152	0.0723147665025119
MA0671.1	40237	0.905603418463181	0.0453834378829324
MA0048.2	40237	0.801847006274808	0.0609870605229556
MA0672.1	40237	0.830739168283267	0.0506177154965315
MA0673.1	40237	0.86621241897936	0.0444895798509901
MA0674.1	40237	0.816852941858147	0.0751511264383854
MA0675.1	40237	0.818372557436862	0.0851973040070126
MA0676.1	40237	0.793813752865222	0.065253857198221
MA0677.1	40237	0.71592887010318	0.0464156773522541
MA0678.1	40237	0.757621176229007	0.0550861308114747
MA0068.2	40237	0.765007812310574	0.0800640571412167
MA0680.1	40237	0.663959174235787	0.0871455964368857
MA0683.1	40237	0.637236167635068	0.0751095909718286
MA0512.2	40237	0.692782654105845	0.0487326232422594
MA0685.1	40237	0.774949759011057	0.0683621964306102
MA0686.1	40237	0.779074125530973	0.0529266729803275
MA0687.1	40237	0.774374698404177	0.0509893746990713
MA0083.3	40237	0.650152567978873	0.053774722275754
MA0009.2	40237	0.671058423745958	0.0451867490981554
MA0688.1	40237	0.786861447989492	0.0494791918370352
MA0689.1	40237	0.766064081418113	0.0527503667406899
MA0690.1	40237	0.764234773244677	0.0540137060241659
MA0691.1	40237	0.760105090052001	0.0626968664790572
MA0145.3	40237	0.772643032717752	0.0510758979268937
MA0692.1	40237	0.792880214230361	0.0589520462381334
MA0694.1	40237	0.77184822570548	0.0511715670045424
MA0695.1	40237	0.798912131053222	0.0488163221345839
MA0696.1	40237	0.756253361106651	0.0518492333389532
MA0697.1	40237	0.769224002768854	0.0511106298213023
MA0698.1	40237	0.759743441703972	0.0532524930380402
MA0699.1	40237	0.805610455585025	0.0706908248448813
MA0704.1	40237	0.804462849154067	0.0796920993038183
MA0705.1	40237	0.824688895168921	0.0716073299812569
MA0706.1	40237	0.79866393100034	0.0713461557415077
MA0707.1	40237	0.81208596347462	0.0742054424748393
MA0708.1	40237	0.790466424950486	0.0843917051343837
MA0709.1	40237	0.793140660678572	0.088853941899639
MA0710.1	40237	0.802937813892182	0.0754500651946235
MA0124.2	40237	0.794565589533893	0.0590541336621224
MA0711.1	40237	0.816644033146464	0.0638201550379427
MA0132.2	40237	0.80783526468327	0.0866401088890346
MA0713.1	40237	0.719616515233486	0.0851921632330594
MA0714.1	40237	0.810689704326214	0.0645506409358133
MA0715.1	40237	0.682392472089434	0.0949693883993462
MA0716.1	40237	0.795476635262421	0.0919081988650555
MA0717.1	40237	0.810770229386172	0.0826958286076576
MA0718.1	40237	0.785660099590168	0.0856739734714667
MA0719.1	40237	0.915223265933033	0.0492138578691928
MA0720.1	40237	0.798089757062225	0.0905100196601572
MA0721.1	40237	0.80455978679211	0.0856094372022306
MA0722.1	40237	0.811420118021606	0.0755285273264376
MA0723.1	40237	0.812663791130335	0.0728782014180156
MA0724.1	40237	0.776000310856451	0.0730017543187286
MA0725.1	40237	0.781719921293595	0.0888909433520343
MA0726.1	40237	0.766304878632101	0.0888035242611949
MA0112.3	40237	0.688360031206941	0.045249479907014
MA0141.3	40237	0.733301351069868	0.0590572851419231
MA0017.2	40237	0.774567633410367	0.0553483548449501
MA0113.3	40237	0.692148254384627	0.0504448395934632
MA0727.1	40237	0.688947730792118	0.0504002518312409
MA0728.1	40237	0.680861077069004	0.0471558667442575
MA0729.1	40237	0.663851192257164	0.044267400308714
MA0730.1	40237	0.684731828531711	0.0433837462227874
MA0731.1	40237	0.636106537511505	0.0482853442710919
MA0472.2	40237	0.79120972507658	0.0600873636528326
MA0732.1	40237	0.762986070456558	0.0683530096781232
MA0733.1	40237	0.763203854021282	0.0558827585148395
MA0735.1	40237	0.68154862181651	0.0468207296956722
MA0736.1	40237	0.770628783008395	0.0493933182614424
MA0737.1	40237	0.721908463273119	0.0431128155372994
MA0738.1	40237	0.878430377978139	0.0477040857801063
MA0739.1	40237	0.837048341690349	0.0476097862547015
MA0740.1	40237	0.801197956804027	0.0652306390965973
MA0741.1	40237	0.851803561144713	0.0754737652861968
MA0742.1	40237	0.791263429192859	0.056111354238276
MA0747.1	40237	0.853053380720513	0.0595726679988205
MA0749.1	40237	0.674471432252712	0.0476538044371826
MA0751.1	40237	0.789253011129135	0.0484969728304602
MA0088.2	40237	0.721300715594191	0.0457976428688409
MA0752.1	40237	0.646076102604975	0.0511692054103688
MA0754.1	40237	0.727667733276167	0.0767423286790081
MA0755.1	40237	0.713941476101568	0.0744212845456177
MA0756.1	40237	0.677513016619638	0.0774962446997588
MA0757.1	40237	0.669109492929575	0.0831627546135053
MA0758.1	40237	0.659161911029659	0.0521887451513061
MA0759.1	40237	0.806188430525044	0.0618751364475423
MA0760.1	40237	0.810430048594969	0.0563699078456338
MA0474.2	40237	0.8262781893976	0.0579481486340129
MA0098.3	40237	0.824277943522222	0.0586400315579544
MA0762.1	40237	0.779986119261848	0.0568834955870486
MA0763.1	40237	0.815380994850266	0.054224211537976
MA0156.2	40237	0.818591458242813	0.0594974950162298
MA0767.1	40237	0.812591776100354	0.046592464101163
MA0768.1	40237	0.706872727185376	0.0596235240658387
MA0770.1	40237	0.715429697820098	0.0573767418217323
MA0771.1	40237	0.750818006633557	0.0508351410924006
MA0772.1	40237	0.719767019521866	0.0644100335902995
MA0773.1	40237	0.702197214259278	0.083675908302155
MA0498.2	40237	0.889626361547189	0.0627619282731144
MA0774.1	40237	0.825230318177268	0.0642520407229426
MA0775.1	40237	0.853896217000145	0.0574735800193566
MA0776.1	40237	0.713759521449821	0.048877455772031
MA0777.1	40237	0.684418336004561	0.0454992119555864
MA0105.4	40237	0.691089344022969	0.0570241720900852
MA0778.1	40237	0.724666340251133	0.0588074216136838
MA0779.1	40237	0.729881589754395	0.03656655064587
MA0780.1	40237	0.674334257626557	0.087208370840006
MA0781.1	40237	0.702222107571332	0.0389519190305647
MA0783.1	40237	0.689166547412705	0.0548785201794077
MA0784.1	40237	0.683507658437301	0.0792144094513912
MA0785.1	40237	0.731129842520432	0.0788645888819783
MA0786.1	40237	0.723942548494799	0.0848131066479835
MA0787.1	40237	0.716245668077924	0.0821212354809478
MA0788.1	40237	0.709664647256504	0.0827340190806456
MA0789.1	40237	0.736243660774534	0.0848048791222644
MA0790.1	40237	0.672800433838853	0.087039187731952
MA0791.1	40237	0.654642180338871	0.0842578444099717
MA0792.1	40237	0.76264647748337	0.081103088854058
MA0793.1	40237	0.752472113589901	0.0744815633399112
MA0794.1	40237	0.730545093583188	0.0473734484518285
MA0600.2	40237	0.689166974613264	0.0551944022259447
MA0795.1	40237	0.720254618319196	0.05279349973829
MA0796.1	40237	0.661718803070439	0.0585479368154993
MA0797.1	40237	0.698505585288789	0.0537995807869051
MA0799.1	40237	0.739424160700259	0.050133056234114
MA0510.2	40237	0.684414010409431	0.0544910953981339
MA0511.2	40237	0.801617857403934	0.0521494396030266
MA0800.1	40237	0.751683698386309	0.0514401198005367
MA0801.1	40237	0.823301792718747	0.0533910808544692
MA0802.1	40237	0.766450900309948	0.0543499639628387
MA0803.1	40237	0.79974914271062	0.0570247172376049
MA0804.1	40237	0.653740989956683	0.0444312512288521
MA0805.1	40237	0.795171445132574	0.0596971340516089
MA0806.1	40237	0.829356233235574	0.0520191666006188
MA0807.1	40237	0.840960908411466	0.049710382271974
MA0808.1	40237	0.832353888919089	0.0604372693228301
MA0810.1	40237	0.854783227432747	0.0561959017124555
MA0811.1	40237	0.837639718094444	0.0535222842366967
MA0812.1	40237	0.830379702025493	0.0604267454069018
MA0813.1	40237	0.793605703254354	0.0622772086408032
MA0524.2	40237	0.833613590235217	0.0530836507003566
MA0815.1	40237	0.787125830681805	0.0653535806918753
MA0816.1	40237	0.808143843077258	0.0580932033785698
MA0461.2	40237	0.790177838743008	0.0527977506220164
MA0464.2	40237	0.780571642506946	0.0652094981952911
MA0817.1	40237	0.722151554634735	0.059136966189616
MA0818.1	40237	0.758782196835884	0.0537041732996884
MA0819.1	40237	0.778418052365528	0.0511005046407017
MA0820.1	40237	0.831665772263555	0.0540424722651366
MA0821.1	40237	0.723767261999068	0.0555337046503808
MA0822.1	40237	0.706138739972459	0.0576283317937651
MA0823.1	40237	0.779646666394924	0.0678810809675213
MA0058.3	40237	0.790207842591071	0.067662078729589
MA0825.1	40237	0.80226162529874	0.0647768629571922
MA0826.1	40237	0.736210510228439	0.058600753126122
MA0827.1	40237	0.786933299006481	0.0499740522020252
MA0828.1	40237	0.750498843812602	0.0595365487934746
MA0832.1	40237	0.707063021378804	0.0540000339332157
MA0834.1	40237	0.697179285101046	0.0673851098854251
MA0466.2	40237	0.778239252567068	0.0565391028543087
MA0837.1	40237	0.786407832761984	0.055986608424019
MA0838.1	40237	0.743429266084748	0.0555665693470328
MA0839.1	40237	0.714925998625582	0.0473338600614669
MA0840.1	40237	0.72360611422315	0.0706399815553285
MA0117.2	40237	0.781751434291234	0.053545399602757
MA0841.1	40237	0.719353620660947	0.0616711869270553
MA0843.1	40237	0.733859391644226	0.0647379652282281
MA0844.1	40237	0.730399387815002	0.0478732597371007
MA0845.1	40237	0.746663266518377	0.0793816901149025
MA0032.2	40237	0.775342462418644	0.0799098752255348
MA0846.1	40237	0.768071368072606	0.0800545312975162
MA0848.1	40237	0.823712380715717	0.0762854051534199
MA0849.1	40237	0.806697507458879	0.0784642533654089
MA0850.1	40237	0.872663281671067	0.0583650722240441
MA0851.1	40237	0.731499845132977	0.0764093111884929
MA0853.1	40237	0.701027982497009	0.0649425431558326
MA0854.1	40237	0.700428552099978	0.0691588782264702
MA0855.1	40237	0.68943919553401	0.048901648706518
MA0856.1	40237	0.699700837724379	0.0483693806864228
MA0857.1	40237	0.649550864929402	0.0496856887129705
MA0858.1	40237	0.671943268062453	0.046590957140666
MA0859.1	40237	0.669616187065264	0.0485908896007003
MA0860.1	40237	0.665377353554301	0.0456165533438165
MA0525.2	40237	0.669954520716765	0.0435163412295045
MA0106.3	40237	0.682915612373326	0.0413029223199126
MA0861.1	40237	0.717389486265462	0.0423399088618512
MA0862.1	40237	0.785125544744663	0.0583739752923496
MA0863.1	40237	0.706484171261188	0.0424906351271032
MA0024.3	40237	0.748404609228871	0.0500669791951242
MA0865.1	40237	0.703549177083068	0.0503782476440911
MA0866.1	40237	0.651818333650037	0.0625847795430252
MA0869.1	40237	0.615240566719431	0.0663883169197156
MA0870.1	40237	0.653743605887283	0.0622171526788593
MA0872.1	40237	0.78143668056328	0.0668694335882871
MA0028.2	40237	0.783729445041653	0.0663046520848085
MA0873.1	40237	0.745726273366771	0.0591343103721639
MA0874.1	40237	0.692586396589561	0.0651613447366988
MA0875.1	40237	0.829359512641093	0.0798368659509415
MA0876.1	40237	0.839219533657791	0.0760538031481671
MA0879.1	40237	0.804863928211265	0.0811709072317901
MA0880.1	40237	0.82071684044577	0.08222259143951
MA0881.1	40237	0.824518295530013	0.0787698331913853
MA0882.1	40237	0.820883768878052	0.0810796840257852
MA0883.1	40237	0.748454991877884	0.0547119410993724
MA0884.1	40237	0.745571778508385	0.0681066479967379
MA0885.1	40237	0.806159579166194	0.0907955481407964
MA0886.1	40237	0.77613920043122	0.078154973078854
MA0887.1	40237	0.813011722211759	0.0666347194200775
MA0888.1	40237	0.809904484856172	0.0672872156475426
MA0889.1	40237	0.773308901398826	0.0754237079825947
MA0890.1	40237	0.783139143445358	0.0815468125041509
MA0891.1	40237	0.811022023902562	0.0585503301516853
MA0892.1	40237	0.825897115139949	0.064908894466187
MA0894.1	40237	0.776001708208732	0.0852009588316755
MA0895.1	40237	0.795456025498795	0.0593843423000485
MA0896.1	40237	0.722967192435358	0.0546464537587199
MA0897.1	40237	0.697473725378604	0.0594119800312549
MA0898.1	40237	0.694850809295829	0.0599775766779358
MA0899.1	40237	0.771965166031856	0.0817298501242384
MA0903.1	40237	0.823618803305841	0.0749941952150907
MA0905.1	40237	0.783157602226986	0.070996242458741
MA0906.1	40237	0.735384449928555	0.0624719874593344
MA0907.1	40237	0.734308860902776	0.0665799872949373
MA0908.1	40237	0.766230117183082	0.0716158690576372
MA0911.1	40237	0.759124774599004	0.0605154344414117
MA0914.1	40237	0.827019182979466	0.0607944393413589
MA0852.2	40237	0.750236406516429	0.0675764597336827
MA0036.3	40237	0.771641433478532	0.0750085308121163
MA1106.1	40237	0.805930332821334	0.0656412636288709
MA0147.3	40237	0.780361365550127	0.0633853010672368
MA0100.3	40237	0.833333444031915	0.0607320694503509
MA0104.4	40237	0.761920584697384	0.0621948649959424
MA1109.1	40237	0.79383469381805	0.0536140098116255
MA0161.2	40237	0.798016330249689	0.0619822446865344
MA0060.3	40237	0.791386576620951	0.0706868902936903
MA1110.1	40237	0.76068808705045	0.0580853276188707
MA1111.1	40237	0.780285899392337	0.0642012387504794
MA0014.3	40237	0.790935368003817	0.0533354619400784
MA1114.1	40237	0.7288426740216	0.0519142583137805
MA1115.1	40237	0.754743608618686	0.0843126885064428
MA1116.1	40237	0.851699684531187	0.0658639035883867
MA1117.1	40237	0.790644856997009	0.0567901386799729
MA1118.1	40237	0.752571439985361	0.0593720635521127
MA1119.1	40237	0.703576365950565	0.0548701185455386
MA0442.2	40237	0.803946904736705	0.0752115701681249
MA1120.1	40237	0.785878082072634	0.0732170454842454
MA1121.1	40237	0.765643310553809	0.0573218878642011
MA1122.1	40237	0.82982779634367	0.0714827956195168
MA0750.2	40237	0.810856800528763	0.0643394553414262
MA0103.3	40237	0.843567270678892	0.0605876625983414
MA1124.1	40237	0.666743755510277	0.064885122568875
MA1125.1	40237	0.7173575336652	0.127984324606209
MA1154.1	40237	0.71491341710613	0.0417352985614693
MA1155.1	40237	0.701213325691136	0.0481516546152005
MA0037.3	40237	0.820876000277912	0.0684649868206173
MA0099.3	40237	0.773614729637738	0.0644567311871347
MA1126.1	40237	0.720477623007448	0.0570398809086714
MA1127.1	40237	0.721806360562543	0.0684698985815193
MA1128.1	40237	0.762937071172528	0.0634181797007616
MA1129.1	40237	0.734101564773221	0.0672921001399273
MA1130.1	40237	0.768532644421643	0.0645690046812007
MA1131.1	40237	0.746590052857029	0.0671936606925102
MA1132.1	40237	0.785056852698621	0.0583577220130415
MA1133.1	40237	0.741487639414007	0.0631822093902769
MA1134.1	40237	0.752456912749074	0.0642234694165459
MA1135.1	40237	0.765926470200721	0.0662450691402561
MA1136.1	40237	0.750998435020264	0.0644165418834474
MA1137.1	40237	0.760890447123698	0.0615565546007604
MA1138.1	40237	0.759338593543476	0.0687043230093824
MA1139.1	40237	0.716031007754327	0.0708087477761931
MA1141.1	40237	0.755045925768342	0.0628020323347996
MA1142.1	40237	0.797155004943756	0.0612752767724918
MA1143.1	40237	0.780858675699029	0.0615471704473111
MA1144.1	40237	0.762399153559343	0.0660326897242258
MA1145.1	40237	0.72706296671378	0.0647298521438515
MA1146.1	40237	0.733759645448152	0.0393333327526461
MA1147.1	40237	0.750750558895841	0.0395305338849313
MA1148.1	40237	0.733687559126565	0.0396497756032213
MA1149.1	40237	0.769693973710191	0.0403399068307635
MA1150.1	40237	0.792314175851285	0.0531362600237872
MA1151.1	40237	0.799787811170815	0.0486304650014365
MA1152.1	40237	0.819450782850552	0.0764742899672394
MA0831.2	40237	0.821783502099356	0.0629887587903341
MA0693.2	40237	0.837973209498605	0.0573325094863703
MA1153.1	40237	0.821866752223259	0.0594570951978725
MA1418.1	40237	0.672991185136974	0.0516129690831512
MA1419.1	40237	0.670084750836679	0.0516973303564202
MA1420.1	40237	0.719142084483277	0.0456467750807279
MA1421.1	40237	0.73075606820822	0.0581058383016562
MA1463.1	40237	0.718050536318363	0.0922852749202333
MA1464.1	40237	0.773456128241278	0.0676969296278769
MA1466.1	40237	0.713317595497885	0.048825530713646
MA1467.1	40237	0.801581575887771	0.0528705642885326
MA1468.1	40237	0.823221833047731	0.0436177530215828
MA1101.2	40237	0.675829005122757	0.0539771107558096
MA1470.1	40237	0.665977399437974	0.0493529064256035
MA1471.1	40237	0.76054414484752	0.08456149971753
MA1472.1	40237	0.846942374517366	0.0514537020350826
MA1473.1	40237	0.747279420850519	0.0723421277962608
MA1474.1	40237	0.774461870700131	0.0507371541986577
MA1475.1	40237	0.75812089670313	0.0589009471588754
MA1476.1	40237	0.777290683354669	0.0959527516646486
MA1478.1	40237	0.769741581613078	0.0576893408003054
MA1479.1	40237	0.737617400884681	0.0605536073498898
MA1480.1	40237	0.765905768241873	0.0602342765552397
MA1481.1	40237	0.809467512690325	0.0844139957299555
MA1483.1	40237	0.767117000476857	0.0590380267361365
MA1484.1	40237	0.827721962916546	0.0580477653650001
MA1485.1	40237	0.747245081933471	0.0497455776152244
MA1487.1	40237	0.730965271837441	0.0680153283199286
MA1489.1	40237	0.714917240350921	0.0921134815793868
MA1491.1	40237	0.760683272514822	0.0475212434332732
MA1493.1	40237	0.776295137918312	0.0478836982169837
MA1494.1	40237	0.698211982977685	0.0470479370944809
MA1495.1	40237	0.827847465056019	0.071883273785751
MA1496.1	40237	0.861990542787239	0.0555941795907784
MA1497.1	40237	0.810367997291885	0.0613674584585514
MA1498.1	40237	0.833044564672501	0.070497582168303
MA1499.1	40237	0.805867439912918	0.0817329109112496
MA1500.1	40237	0.851422338135068	0.0601599839230634
MA1501.1	40237	0.801787435070799	0.0553458003956748
MA1502.1	40237	0.822172117561738	0.0747813776957142
MA1503.1	40237	0.747436036829838	0.0662824402882231
MA1504.1	40237	0.834845929988682	0.0799108757208099
MA1505.1	40237	0.831685923220005	0.0675298954234197
MA1506.1	40237	0.735804655589801	0.0607913679561722
MA1507.1	40237	0.827208971794125	0.0808405467104631
MA1508.1	40237	0.797623949952766	0.060633502549591
MA1509.1	40237	0.760943143484884	0.0530987834040269
MA1511.1	40237	0.841942656834325	0.0630051064238478
MA1512.1	40237	0.846230114433056	0.069977599444685
MA1513.1	40237	0.840434006067255	0.110097824044326
MA1514.1	40237	0.760650233394198	0.0543791500347171
MA1515.1	40237	0.874781859897762	0.0708443194401679
MA1516.1	40237	0.82675788020215	0.0674920782985008
MA1517.1	40237	0.860704458643581	0.0655871918228579
MA1518.1	40237	0.844911530005869	0.0729908338352224
MA1519.1	40237	0.778988667230752	0.0872474309863291
MA1520.1	40237	0.725346202051192	0.0448000271885511
MA1521.1	40237	0.737072144477634	0.0446354118081436
MA1522.1	40237	0.853546243221593	0.0841752308555928
MA1523.1	40237	0.816604125212362	0.0532442530899438
MA1524.1	40237	0.808893754154805	0.0532810743151629
MA1525.1	40237	0.825487735575265	0.0597606047992453
MA1527.1	40237	0.715296928970267	0.0537815156033286
MA1528.1	40237	0.73080333773033	0.053535557203716
MA1529.1	40237	0.71589534881349	0.0517362089669327
MA1530.1	40237	0.812473397301875	0.0689717794485072
MA1531.1	40237	0.748565929550174	0.0420491203659917
MA1532.1	40237	0.777005915971448	0.0382578208202868
MA1533.1	40237	0.764446370774093	0.0363593394179472
MA1534.1	40237	0.802669027159491	0.0591824822736231
MA1535.1	40237	0.877017085301128	0.0571756675558263
MA1536.1	40237	0.920541056914172	0.0419969097514979
MA1537.1	40237	0.726959360392072	0.0442630759174316
MA1538.1	40237	0.711613606366695	0.0450707962870913
MA1539.1	40237	0.695864334904338	0.0458921042749522
MA1540.1	40237	0.815023838313653	0.0503918390477727
MA1541.1	40237	0.718938355397337	0.0443670966616762
MA1542.1	40237	0.807949831377228	0.0487131009325041
MA1544.1	40237	0.713925942237714	0.0536821125799761
MA1545.1	40237	0.758029309896576	0.0510287246851004
MA1546.1	40237	0.725293883939391	0.0401889991108678
MA1547.1	40237	0.797348128580716	0.077600287501698
MA1548.1	40237	0.819430166401588	0.0753803123060839
MA1549.1	40237	0.793228568556209	0.0661790932168781
MA1550.1	40237	0.724864693506155	0.0444122303988044
MA1552.1	40237	0.730511130441903	0.0428405158265879
MA1553.1	40237	0.714816906924239	0.0440456370464043
MA1554.1	40237	0.864111182025893	0.0420301839042445
MA1555.1	40237	0.739326846953372	0.0445745985582023
MA1556.1	40237	0.736135034923612	0.0469412520147293
MA1557.1	40237	0.754311568623482	0.0478559795540271
MA1558.1	40237	0.843503843235593	0.0559960038916318
MA1559.1	40237	0.804088105589175	0.0547346834996727
MA1560.1	40237	0.775049766102576	0.0648580067778715
MA1561.1	40237	0.731362509329984	0.0553685620692715
MA1562.1	40237	0.742662243284771	0.0611072248933571
MA1563.1	40237	0.898787609509436	0.0370702787520442
MA1564.1	40237	0.847317912700691	0.0744146387799682
MA1565.1	40237	0.785815624703709	0.0485698677949809
MA1566.1	40237	0.857346162248163	0.0432474842155121
MA1567.1	40237	0.824367758858295	0.0473155212373334
MA1568.1	40237	0.786178858258468	0.0408555561383166
MA1569.1	40237	0.853010519219832	0.0710629090243616
MA1570.1	40237	0.828570223378088	0.0539067954577821
MA1571.1	40237	0.720518848007248	0.0492427272972914
MA1572.1	40237	0.727658968481649	0.0490942188197404
MA1573.1	40237	0.686590609258708	0.0595061959278229
MA1574.1	40237	0.775298327300979	0.0401186363613168
MA1575.1	40237	0.716352327259485	0.0433690449206497
MA1576.1	40237	0.715184886286769	0.038624968022584
MA1577.1	40237	0.780243682133156	0.100276960464641
MA1578.1	40237	0.842840352262242	0.0667831640409469
MA1579.1	40237	0.788432866998984	0.0614663229186544
MA1580.1	40237	0.734034296709505	0.0672697422627447
MA1581.1	40237	0.796717140553024	0.0545025107288539
MA1583.1	40237	0.800007029527899	0.0598858467928904
MA1584.1	40237	0.757655060852295	0.0532533368165751
MA1585.1	40237	0.7577402280305	0.0543653707280221
MA1587.1	40237	0.755447342884632	0.0510531788894545
MA1588.1	40237	0.694797006416378	0.050211237136465
MA1589.1	40237	0.663367021108809	0.0389340334078246
MA1592.1	40237	0.748693656536156	0.0443701760584123
MA1593.1	40237	0.76285207491899	0.0582635878275894
MA1594.1	40237	0.657688596210496	0.0366774661754772
MA1596.1	40237	0.749161978593915	0.065474391981248
MA1597.1	40237	0.680998839808643	0.0440805729676882
MA1599.1	40237	0.744678184550489	0.0587620546481293
MA1600.1	40237	0.706490109238196	0.0393726851107664
MA1601.1	40237	0.802722328949135	0.0593117240479275
MA1602.1	40237	0.758514637234243	0.0474486767805733
MA1603.1	40237	0.713488015066376	0.0676435513066828
MA1604.1	40237	0.767773844211324	0.058906904932467
MA1606.1	40237	0.758217695460613	0.0872041729230818
MA1607.1	40237	0.723503265278655	0.0819646292424961
MA1608.1	40237	0.775507685803628	0.068752351046016
MA1615.1	40237	0.80045379709642	0.0653995501631808
MA1616.1	40237	0.743465174705157	0.0495095520174829
MA1618.1	40237	0.780501159503597	0.0594658282351537
MA1619.1	40237	0.79438574103486	0.0635226253283309
MA1620.1	40237	0.798053720480804	0.0576531784971
MA1621.1	40237	0.798136390924211	0.0554402002535509
MA1622.1	40237	0.748331202175063	0.0714613393932593
MA1623.1	40237	0.739131231015213	0.079691648349146
MA1624.1	40237	0.76396014349978	0.0659461200500462
MA1625.1	40237	0.748738366699689	0.0673774550804092
MA1627.1	40237	0.806956118592515	0.0684559191980825
MA1628.1	40237	0.844422239432419	0.0584215579647542
MA1629.1	40237	0.779682790291032	0.0531033580250876
MA1630.1	40237	0.79186588340254	0.0699073419084233
MA1100.2	40237	0.847686734712331	0.0554326711941128
MA0605.2	40237	0.706612413246376	0.0707537226719318
MA0877.2	40237	0.846884308990837	0.0602950029945786
MA0462.2	40237	0.747449097740291	0.0729270285182159
MA0463.2	40237	0.70847305695628	0.0476739872616253
MA0878.2	40237	0.739484946307171	0.0699683784994485
MA0864.2	40237	0.733667640995091	0.0463497599185974
MA0469.3	40237	0.664309038998994	0.0467645965916599
MA0470.2	40237	0.724406438640724	0.0477309367791956
MA0612.2	40237	0.786086269741906	0.0814181212122574
MA0847.2	40237	0.769030032813848	0.0682630117764827
MA0766.2	40237	0.807337920937787	0.0647571444806383
MA0038.2	40237	0.763735728067076	0.0565893491372859
MA0734.2	40237	0.742379034678651	0.0480569834452
MA0893.2	40237	0.854666593238347	0.063105813702289
MA1099.2	40237	0.829819496764484	0.0724560744470763
MA0616.2	40237	0.782568029315488	0.0708912945006025
MA0650.2	40237	0.751631303045355	0.0656769017337766
MA0900.2	40237	0.782806719758851	0.0846403807538916
MA0158.2	40237	0.825180810097869	0.0661752022062463
MA0594.2	40237	0.828559268414993	0.0524398743019059
MA0902.2	40237	0.831360880169742	0.0724253836871009
MA0904.2	40237	0.811931457882129	0.0716615546424737
MA0485.2	40237	0.736505036225607	0.0679373615353202
MA0909.2	40237	0.775332092688435	0.0537344034310413
MA0912.2	40237	0.77409435808151	0.073577730964642
MA0910.2	40237	0.818734147410628	0.0728338413993168
MA0913.2	40237	0.763513955367319	0.0803648361208152
MA1140.2	40237	0.689821569267493	0.0656256815401372
MA0701.2	40237	0.782014995631553	0.0821148612701663
MA0702.2	40237	0.738870292383648	0.0946077799052931
MA0703.2	40237	0.681753447096299	0.102419834678406
MA0623.2	40237	0.757510446974516	0.0543684359437311
MA0842.2	40237	0.747950467085574	0.0539413898344753
MA0682.2	40237	0.801071639067161	0.0717570733703331
MA0075.3	40237	0.757302499314967	0.0940826413805698
MA0867.2	40237	0.823146742570137	0.0671082205379277
MA0868.2	40237	0.785466519785436	0.0705963465706085
MA0079.4	40237	0.795076563235104	0.0708015896858678
MA0516.2	40237	0.772238770826215	0.0607075464206592
MA0746.2	40237	0.834836142945058	0.0738445659939062
MA0632.2	40237	0.815868043998219	0.0719197211703222
MA0871.2	40237	0.765681446248826	0.0655928952519191
MA0753.2	40237	0.781390606812248	0.0725981054834072
MA0122.3	40237	0.731521216879617	0.0679723116720799
MA1631.1	40237	0.813514926889235	0.0587388491361016
MA1632.1	40237	0.742257430258058	0.0707919452695544
MA1633.1	40237	0.734162128100621	0.058197459012798
MA1634.1	40237	0.74878298152632	0.0735170014859145
MA1635.1	40237	0.825027374342081	0.0770774965400713
MA1636.1	40237	0.723604141166713	0.0631270619963719
MA1637.1	40237	0.767971578838304	0.0607791023453337
MA1638.1	40237	0.830022486039883	0.059922920642147
MA1639.1	40237	0.736443366007504	0.0719244893029901
MA1640.1	40237	0.705789878032357	0.0749828505626353
MA1641.1	40237	0.785701779650801	0.0627703561120135
MA1642.1	40237	0.798764765130057	0.0566443705359461
MA1643.1	40237	0.685246819141039	0.0488703026098584
MA1644.1	40237	0.78801996259048	0.0725021357361144
MA1645.1	40237	0.780447989898883	0.0528314801017461
MA1646.1	40237	0.807322410952228	0.0574826790361111
MA1647.1	40237	0.804152151072747	0.0625739950238172
MA1648.1	40237	0.845083501944834	0.0615496041926372
MA1649.1	40237	0.804884835441671	0.0603522552398018
MA1650.1	40237	0.803114600299655	0.079051127571508
MA1651.1	40237	0.705112869319367	0.0561602039501443
MA1652.1	40237	0.794237193816224	0.0566751426961267
MA1653.1	40237	0.828357158686902	0.0871261844769307
MA1654.1	40237	0.680565398458642	0.0356581890903462
MA1655.1	40237	0.792915541855832	0.0549463552006813
MA1656.1	40237	0.775892081634718	0.0543640906753914
MA1657.1	40237	0.722090063622551	0.068754879552092
MA1683.1	40237	0.762946035314983	0.0818206490788835
MA0833.2	40237	0.726035728347917	0.0628617495126424
MA0835.2	40237	0.747307378808918	0.0719031162277808
MA0465.2	40237	0.735078413920161	0.080334095596973
MA0102.4	40237	0.721208191559527	0.066133867505408
MA0836.2	40237	0.735369198065781	0.0660421298663538
MA0018.4	40237	0.747314442453347	0.0780550197184479
MA1102.2	40237	0.818839505447423	0.0728737407206698
MA0471.2	40237	0.831180645355678	0.0645685674070221
MA0154.4	40237	0.752782957512109	0.0563056644560103
MA0162.4	40237	0.793665236860413	0.0784914307533612
MA0598.3	40237	0.77423003768564	0.05996681657783
MA0473.3	40237	0.779710452054285	0.0594134116957392
MA0640.2	40237	0.791808912313644	0.0578261653095176
MA0592.3	40237	0.739603833672534	0.0565998831451577
MA0761.2	40237	0.784502211805916	0.0601744148780824
MA0764.2	40237	0.851046761963017	0.0679757876741487
MA0765.2	40237	0.831810513528311	0.0622350077223363
MA0477.2	40237	0.74082611816526	0.0697544863563306
MA0148.4	40237	0.737282511534863	0.0793993879856583
MA0047.3	40237	0.75977039390615	0.0816100334755485
MA1103.2	40237	0.7605345999761	0.0826687768360238
MA0481.3	40237	0.764632119705564	0.0835679376240833
MA0062.3	40237	0.778333072447292	0.058907212595388
MA0035.4	40237	0.761542063201364	0.0726488333281264
MA0482.2	40237	0.760463355829189	0.0660939271445797
MA1104.2	40237	0.732125844497934	0.0737641170660959
MA1105.2	40237	0.744344138454594	0.0607905840458235
MA0043.3	40237	0.729160273123224	0.0701646356777557
MA0114.4	40237	0.741827827318387	0.0594864531695255
MA0484.2	40237	0.747694840039703	0.0581931588899172
MA0901.2	40237	0.709488350272479	0.0912741687208187
MA0490.2	40237	0.724752325019536	0.0720350049558026
MA0491.2	40237	0.728916116774674	0.0707933706752236
MA0039.4	40237	0.855932967544445	0.0778258120633129
MA1107.2	40237	0.771658768551448	0.0649654862708174
MA0700.2	40237	0.750173647065387	0.0868933485352539
MA0495.3	40237	0.706884768752349	0.0601776526291853
MA0659.2	40237	0.714244625535107	0.0575229949586183
MA0496.3	40237	0.713480543313028	0.0557492727847143
MA0052.4	40237	0.708384246831122	0.0861814710906737
MA0620.3	40237	0.719039910755218	0.0597069376944755
MA1108.2	40237	0.824085695093135	0.0712392783225838
MA0499.2	40237	0.796508098410329	0.0532977631782909
MA0500.2	40237	0.794493511758322	0.0711383868720876
MA0056.2	40237	0.787064468691034	0.0536404621851081
MA0089.2	40237	0.706827886683705	0.0534846421019324
MA0025.2	40237	0.723984824746107	0.0773058542035958
MA0502.2	40237	0.777367686956322	0.0644870122702529
MA0063.2	40237	0.79374019750101	0.0626805155071254
MA1112.2	40237	0.777709374719909	0.0653636014466478
MA0679.2	40237	0.660860673698041	0.08876756979899
MA0712.2	40237	0.776967868135344	0.0682062543433801
MA1113.2	40237	0.714066378576716	0.0800967956170252
MA0681.2	40237	0.63836061890256	0.1021967948339
MA0782.2	40237	0.737813170472966	0.0574902037228701
MA0627.2	40237	0.715345174379283	0.0833845310928847
MA0508.3	40237	0.806837910831475	0.067861500754953
MA0509.2	40237	0.74465263519589	0.0562834034839373
MA0798.2	40237	0.745942775110484	0.0547603198999412
MA0684.2	40237	0.784080906549934	0.0620144290819092
MA0743.2	40237	0.726791477908023	0.0519269267963249
MA0744.2	40237	0.731815600022446	0.0511334655760811
MA0745.2	40237	0.78109428108339	0.0553071472960835
MA0143.4	40237	0.779948639932411	0.0722373743378312
MA0080.5	40237	0.720082463861409	0.0559146305203602
MA0081.2	40237	0.750445227577088	0.0534402948719825
MA0829.2	40237	0.735078048201004	0.0573363588627856
MA0522.3	40237	0.84508876678144	0.0605806333915588
MA0830.2	40237	0.812391227878703	0.0587763749767323
MA0769.2	40237	0.781366611735597	0.0720515132206186
MA0090.3	40237	0.755089926411109	0.059369158587227
MA0809.2	40237	0.773244729063782	0.0604352895488763
MA0003.4	40237	0.790294712894216	0.0621135514585513
MA0814.2	40237	0.800881345270794	0.0649444027195579
MA1123.2	40237	0.780721209957874	0.0575866993202244
MA0093.3	40237	0.740526490873313	0.0588193779830505
MA0526.3	40237	0.739821445848814	0.0600178123825448
MA0748.2	40237	0.799460270224546	0.0675811885337335
MA0528.2	40237	0.830029317156866	0.071086663494242
MA0609.2	40237	0.699554729780339	0.0654175727635011
