[SHORT TFBS MATRIX]
MA0004.1	37736	0.860152058438055	0.0678203724040148
MA0006.1	37736	0.912013355869729	0.0644257743075295
MA0019.1	37736	0.827408295713756	0.0441293878531971
MA0029.1	37736	0.752202805947101	0.0570480986340772
MA0030.1	37736	0.779026859876741	0.0602206156900937
MA0031.1	37736	0.837349782629337	0.0682058666662374
MA0040.1	37736	0.80937324861858	0.0667412181877618
MA0051.1	37736	0.754397658114302	0.0469180704705994
MA0059.1	37736	0.797128532108515	0.0498536100057675
MA0066.1	37736	0.741752362101749	0.033765476011239
MA0069.1	37736	0.768952673220557	0.0390311021906692
MA0070.1	37736	0.786674308731722	0.0531633162710374
MA0071.1	37736	0.825445197104325	0.0541400460237675
MA0072.1	37736	0.767445089330646	0.0530661395081541
MA0073.1	37736	0.795880583625965	0.0480279970887501
MA0074.1	37736	0.75683046294525	0.0392018157121517
MA0077.1	37736	0.845602987836867	0.0525139447309587
MA0084.1	37736	0.877822642979954	0.0616695031383043
MA0091.1	37736	0.813020934398037	0.0477236242816852
MA0092.1	37736	0.881020088211301	0.0387961987816948
MA0101.1	37736	0.870463315124359	0.044468306934569
MA0107.1	37736	0.82683060326102	0.0533556004864966
MA0108.2	37736	0.822812573833809	0.0568046260822907
MA0111.1	37736	0.867089769120078	0.0313859594425112
MA0115.1	37736	0.675485037906434	0.0444630609400141
MA0116.1	37736	0.826440877264017	0.043701349767236
MA0119.1	37736	0.738511852384431	0.0506096296521455
MA0125.1	37736	0.860304325160218	0.064428265891979
MA0130.1	37736	0.962250969849107	0.0379901586003612
MA0135.1	37736	0.782065830440962	0.073765032438478
MA0139.1	37736	0.77765510361687	0.0441576619652121
MA0142.1	37736	0.752105708359782	0.0565417788723312
MA0149.1	37736	0.688569484014331	0.0554452671512327
MA0138.2	37736	0.688896778787121	0.0397569588440316
MA0002.2	37736	0.852338811909669	0.0435292016677484
MA0065.2	37736	0.811753955951693	0.0374059681914209
MA0151.1	37736	0.896055907922572	0.0871989721828293
MA0155.1	37736	0.856736064677481	0.0423235366385618
MA0159.1	37736	0.797492619602957	0.0338423068402718
MA0163.1	37736	0.800437379250679	0.05156785777288
MA0164.1	37736	0.831984916398344	0.0702925994375529
MA0259.1	37736	0.889417325245667	0.0601478837091287
MA0145.2	37736	0.834669314673705	0.040392292493306
MA0146.2	37736	0.853981417319353	0.0654111078066727
MA0468.1	37736	0.802901631846193	0.0620863136488237
MA0476.1	37736	0.820870434686498	0.0602176409671788
MA0478.1	37736	0.823059181654913	0.0558000333065566
MA0479.1	37736	0.821957831122133	0.0563442460802632
MA0483.1	37736	0.83832090294142	0.0507814246623867
MA0488.1	37736	0.795908974609397	0.0544406536046428
MA0492.1	37736	0.796293741589515	0.0533112110482263
MA0494.1	37736	0.795167985680325	0.0349432411720422
MA0497.1	37736	0.807409553695758	0.0651293941279193
MA0501.1	37736	0.74596712432671	0.0472301143076263
MA0504.1	37736	0.823672747205204	0.0381848952957369
MA0515.1	37736	0.864529845969206	0.0517773761038148
MA0517.1	37736	0.783931772846778	0.0547835141596126
MA0518.1	37736	0.833387343094869	0.0491656218710358
MA0519.1	37736	0.848218829274743	0.0506934218470066
MA0520.1	37736	0.81082320382661	0.0534102783804407
MA0523.1	37736	0.815139247067973	0.0493659662652758
MA0527.1	37736	0.770255351303496	0.0542720771084791
MA0076.2	37736	0.849422497723155	0.0541590890192761
MA0258.2	37736	0.800327411980243	0.0408779506862214
MA0150.2	37736	0.746666485637968	0.0460026595569758
MA0137.3	37736	0.826820410924975	0.0547106657792091
MA0144.2	37736	0.858619008346866	0.0492410924913511
MA0140.2	37736	0.763893915550031	0.0499536023370882
MA0591.1	37736	0.765398312554127	0.0435271293657331
MA0593.1	37736	0.828501891211405	0.0669274029442304
MA0595.1	37736	0.852627362788693	0.0468598001863145
MA0596.1	37736	0.83504677182754	0.0485382505089782
MA0599.1	37736	0.927088555315974	0.0619378631532031
MA0601.1	37736	0.799926168580339	0.0929709118732008
MA0602.1	37736	0.786637390309423	0.0747314812363733
MA0603.1	37736	0.816932964253914	0.0590051386633405
MA0604.1	37736	0.838378576216646	0.0556164856040634
MA0608.1	37736	0.830280441498824	0.0541148905221921
MA0610.1	37736	0.789281467956158	0.0622397542734668
MA0613.1	37736	0.829424791450407	0.0773008336362848
MA0614.1	37736	0.856236981921388	0.0697529408614195
MA0615.1	37736	0.815776966967831	0.0435805410798518
MA0618.1	37736	0.849387081475586	0.0642367403237471
MA0619.1	37736	0.853706671715753	0.0841233362820495
MA0621.1	37736	0.768187946556789	0.0939143125955802
MA0622.1	37736	0.822971686427315	0.0730736390105208
MA0626.1	37736	0.840556805615678	0.0566326763971921
MA0628.1	37736	0.77611214827938	0.0810783555100131
MA0629.1	37736	0.794539285359676	0.0433165370114451
MA0630.1	37736	0.861869328211098	0.0764687664586614
MA0631.1	37736	0.732778347925292	0.0477633998455481
MA0634.1	37736	0.836356518659615	0.0671096888108086
MA0007.3	37736	0.725421294839715	0.0436725884611051
MA0635.1	37736	0.865822288182066	0.0538152717320483
MA0636.1	37736	0.775148903702387	0.057229530587272
MA0638.1	37736	0.759334429972892	0.0453263426793419
MA0639.1	37736	0.783641743707298	0.0604548344152857
MA0641.1	37736	0.777448639501526	0.0514468943324216
MA0027.2	37736	0.868627234621842	0.0662967950269237
MA0643.1	37736	0.818999836544593	0.0509676499055599
MA0645.1	37736	0.848542662726135	0.0527603662736109
MA0475.2	37736	0.826872498907025	0.0524390476387412
MA0042.2	37736	0.851967442384456	0.0689791143044759
MA0033.2	37736	0.88512743406705	0.0675562629668391
MA0646.1	37736	0.803710182910766	0.0421258038289058
MA0647.1	37736	0.750852159032256	0.0535435191949568
MA0648.1	37736	0.836218712620485	0.0586492399846745
MA0649.1	37736	0.813302796753204	0.0559713234894761
MA0131.2	37736	0.816061969003885	0.0567475583870747
MA0046.2	37736	0.736498138927624	0.0710329278001912
MA0153.2	37736	0.72674273466964	0.0705865397054309
MA0486.2	37736	0.739984741685441	0.0538603203675003
MA0652.1	37736	0.716174512808053	0.0477367840397999
MA0653.1	37736	0.690290085142421	0.0496348157577177
MA0654.1	37736	0.845440028183998	0.0792652499527477
MA0655.1	37736	0.771611503490295	0.0631774659159213
MA0656.1	37736	0.738498288080852	0.0608590581464594
MA0657.1	37736	0.739031755333196	0.0440103031314444
MA0658.1	37736	0.81008672269153	0.0621267436479546
MA0660.1	37736	0.751979538183029	0.0742582334302146
MA0661.1	37736	0.837829497521605	0.0601093764516779
MA0662.1	37736	0.861339030693445	0.0664805368663288
MA0663.1	37736	0.773563502035689	0.0557488104534321
MA0664.1	37736	0.795565525049814	0.0564041712192832
MA0665.1	37736	0.80780723824902	0.0472281579176083
MA0667.1	37736	0.790504281102265	0.0524147448319988
MA0669.1	37736	0.794088347542581	0.0499529856897306
MA0670.1	37736	0.844352318936147	0.0633820344851896
MA0671.1	37736	0.929885787780602	0.0365231241160026
MA0048.2	37736	0.824827430969038	0.055503967488187
MA0672.1	37736	0.863684291367512	0.0461590349461483
MA0673.1	37736	0.896086832845784	0.0396588482779086
MA0674.1	37736	0.866920817477311	0.0664104629252928
MA0675.1	37736	0.873855947403353	0.071063509086333
MA0676.1	37736	0.836953467517772	0.0570281713977165
MA0677.1	37736	0.745284472469155	0.0438421569385956
MA0678.1	37736	0.795090862555793	0.052138195815556
MA0068.2	37736	0.819523398593321	0.0690565494695219
MA0683.1	37736	0.689893384801243	0.0678864132888141
MA0512.2	37736	0.723921070277277	0.0457218911778908
MA0686.1	37736	0.799518767942743	0.0468423260493601
MA0687.1	37736	0.804489858702705	0.0445236522298685
MA0083.3	37736	0.685821148125119	0.0490317508916909
MA0009.2	37736	0.70117829143981	0.0426112718264435
MA0688.1	37736	0.820670901036012	0.0449086521429415
MA0689.1	37736	0.801849011196724	0.0467014539609331
MA0691.1	37736	0.794988163945171	0.0564568068543888
MA0692.1	37736	0.821825321121899	0.053352927060634
MA0694.1	37736	0.795757172426918	0.0479854662329981
MA0695.1	37736	0.821610387586379	0.044342702058032
MA0696.1	37736	0.772314932055398	0.0492606911790944
MA0698.1	37736	0.794222210085418	0.0496794941040083
MA0699.1	37736	0.849502979443762	0.0603729712375542
MA0704.1	37736	0.855206312144457	0.0665877380359937
MA0705.1	37736	0.865447807265345	0.0631990163960498
MA0706.1	37736	0.844226776928762	0.0612772464079609
MA0709.1	37736	0.848992458039391	0.076845891361086
MA0710.1	37736	0.852916446434917	0.0636263641646749
MA0124.2	37736	0.83455483662774	0.0530805191769192
MA0711.1	37736	0.861627997719366	0.0595639731816747
MA0132.2	37736	0.865273799532436	0.0761814587596849
MA0713.1	37736	0.776038127735968	0.0750773072152385
MA0714.1	37736	0.85615124870994	0.0573085451014627
MA0715.1	37736	0.747287728386686	0.0844064174579003
MA0716.1	37736	0.854317590006421	0.0772907684366926
MA0717.1	37736	0.862719147394509	0.0700521886864115
MA0718.1	37736	0.841205041169866	0.0716362880676134
MA0719.1	37736	0.947890333950338	0.0353312859082603
MA0720.1	37736	0.85533827036707	0.0764202636268802
MA0721.1	37736	0.859210775219496	0.0726683118764187
MA0722.1	37736	0.861020094943421	0.0651880332142721
MA0724.1	37736	0.824763727596551	0.0638747523644854
MA0725.1	37736	0.840521842145474	0.077378377440904
MA0726.1	37736	0.824882410815291	0.0781169858661708
MA0112.3	37736	0.715239692469865	0.0440191316172696
MA0141.3	37736	0.77322671455821	0.0553699633839984
MA0017.2	37736	0.811223593618834	0.0530516573642415
MA0113.3	37736	0.725536426077753	0.0467978554699937
MA0727.1	37736	0.721914371332989	0.0469410444621599
MA0728.1	37736	0.715221092618458	0.0484877036906922
MA0729.1	37736	0.696596914570575	0.0428651123852591
MA0730.1	37736	0.71129148524328	0.0409411776086167
MA0731.1	37736	0.66893136829409	0.044826385693453
MA0472.2	37736	0.80654716523429	0.0551443483939365
MA0732.1	37736	0.779054095938858	0.0630275358775399
MA0733.1	37736	0.779291299448009	0.050747744616786
MA0735.1	37736	0.7009149787479	0.0450155473415651
MA0736.1	37736	0.787337075224509	0.0462917222508549
MA0737.1	37736	0.742608494846571	0.0414460087169873
MA0738.1	37736	0.905049777109537	0.0419985619664316
MA0739.1	37736	0.864564256942018	0.0434410492031881
MA0741.1	37736	0.870265070481608	0.0673590060646049
MA0747.1	37736	0.870250170903198	0.0528075234211896
MA0749.1	37736	0.700776833890764	0.0436410141278686
MA0751.1	37736	0.804958645512491	0.0455535684721055
MA0088.2	37736	0.746761840414627	0.0418833554604904
MA0752.1	37736	0.681094516646907	0.0470882178120179
MA0755.1	37736	0.762641010579111	0.0670880795767901
MA0757.1	37736	0.728453679302714	0.0747796981018097
MA0758.1	37736	0.692386844635619	0.0489442359307041
MA0760.1	37736	0.829023085967209	0.0491593730710312
MA0098.3	37736	0.843927854154595	0.050555716045733
MA0762.1	37736	0.803682296260748	0.0488596489183216
MA0763.1	37736	0.833756777031614	0.0468774902554367
MA0767.1	37736	0.834766795086301	0.042686120155442
MA0770.1	37736	0.753458235341702	0.0527728243078999
MA0771.1	37736	0.782355916749997	0.0475736502796434
MA0772.1	37736	0.762176925416221	0.055933976833522
MA0773.1	37736	0.762044323090315	0.0775837716731127
MA0498.2	37736	0.925823341426272	0.0538991825009919
MA0774.1	37736	0.861131121131618	0.0560573738580428
MA0775.1	37736	0.887096091099367	0.0512888062069755
MA0776.1	37736	0.743496380320678	0.0454608746182546
MA0777.1	37736	0.712331168020731	0.0426721089159875
MA0105.4	37736	0.722474026872894	0.0559272221902583
MA0778.1	37736	0.756279290808927	0.0567969140770553
MA0779.1	37736	0.747726027054405	0.0344806912751131
MA0780.1	37736	0.733916469997295	0.0784018997847416
MA0781.1	37736	0.721881646639816	0.0372494789391571
MA0783.1	37736	0.723765175976642	0.0518412965612127
MA0785.1	37736	0.78450567837598	0.0698009124861136
MA0786.1	37736	0.781327668249552	0.0744590224034621
MA0787.1	37736	0.771513385848658	0.0725992096902581
MA0788.1	37736	0.766184463651168	0.0728504539048109
MA0789.1	37736	0.792569503103156	0.075950972011738
MA0790.1	37736	0.733886080318335	0.0773289650305975
MA0791.1	37736	0.713577375858885	0.0748045722781922
MA0792.1	37736	0.816821656329539	0.0711140588872874
MA0793.1	37736	0.803236141298257	0.0662448334250354
MA0794.1	37736	0.75902832805953	0.0440541538445291
MA0600.2	37736	0.716026073544321	0.0499934890080797
MA0795.1	37736	0.752831999928875	0.0502607257518012
MA0796.1	37736	0.697553201110054	0.0547469309069951
MA0797.1	37736	0.731192541663156	0.0504624583814285
MA0510.2	37736	0.709929559732855	0.0499445048648771
MA0511.2	37736	0.830435468555331	0.0480867285643088
MA0800.1	37736	0.787385021635696	0.0469104176583149
MA0801.1	37736	0.857544518612206	0.0512337557151628
MA0802.1	37736	0.803587354858497	0.049692367533062
MA0803.1	37736	0.835985759896652	0.0549366742467873
MA0804.1	37736	0.684464624455626	0.0418724159148026
MA0805.1	37736	0.834261969992987	0.0565446819944724
MA0806.1	37736	0.863285687883387	0.0491296960599256
MA0807.1	37736	0.872841075300375	0.0460753390733993
MA0808.1	37736	0.871899527873974	0.0543060417511221
MA0810.1	37736	0.871881559582121	0.0513239513279697
MA0811.1	37736	0.856183455998012	0.0494015343515029
MA0812.1	37736	0.851759077246691	0.0551480503440811
MA0813.1	37736	0.814321585027598	0.058492517211025
MA0524.2	37736	0.852277429223881	0.049140800189441
MA0815.1	37736	0.807514107290941	0.061390734562401
MA0816.1	37736	0.834097040273035	0.0526151833973785
MA0461.2	37736	0.824536417061485	0.049361370012035
MA0464.2	37736	0.808752055887298	0.0608079431895191
MA0817.1	37736	0.763083171882318	0.0559737918235347
MA0820.1	37736	0.864141089531301	0.049765256000329
MA0822.1	37736	0.728734686816778	0.0557469020506597
MA0823.1	37736	0.803985956406431	0.0629083614265475
MA0058.3	37736	0.822849459295404	0.0610328131178046
MA0825.1	37736	0.83455485593833	0.0583666079318552
MA0826.1	37736	0.775999491331039	0.0553440390450437
MA0827.1	37736	0.82051812992135	0.047345251231422
MA0832.1	37736	0.736940618912198	0.0497061971478121
MA0834.1	37736	0.727834618253332	0.0594633124270743
MA0838.1	37736	0.776741686680103	0.0512321648571264
MA0839.1	37736	0.735932947765637	0.0435080308802366
MA0840.1	37736	0.756917765945888	0.0618118376703855
MA0117.2	37736	0.813705124050247	0.0479391697332351
MA0841.1	37736	0.75721305292089	0.0572394858277215
MA0843.1	37736	0.772908896139883	0.0589585822486462
MA0844.1	37736	0.753427035243283	0.043572751702752
MA0845.1	37736	0.800232385547801	0.0699332770555815
MA0032.2	37736	0.829402096977847	0.0690195875471906
MA0846.1	37736	0.822543748981141	0.0695241189165227
MA0848.1	37736	0.872187488414788	0.0649976886164986
MA0849.1	37736	0.856179193714458	0.067850585008297
MA0850.1	37736	0.910220339164432	0.0488177990557615
MA0851.1	37736	0.783880707986626	0.066225117672855
MA0853.1	37736	0.744028557546583	0.0580411944529906
MA0854.1	37736	0.746511626195955	0.0618203798695856
MA0855.1	37736	0.720736682947301	0.0458579419997509
MA0856.1	37736	0.730982744748527	0.0452147390455699
MA0857.1	37736	0.686425889220509	0.0480376745984701
MA0858.1	37736	0.70182474906535	0.043110565783765
MA0859.1	37736	0.706187348400475	0.0487450284324074
MA0860.1	37736	0.696619908638465	0.0447056754795006
MA0525.2	37736	0.69764357246929	0.040665783733498
MA0106.3	37736	0.708257210106204	0.0387575089433028
MA0861.1	37736	0.742719904155764	0.0403487402108867
MA0862.1	37736	0.813250784303	0.0520559289810167
MA0863.1	37736	0.727985906919489	0.0402039626209322
MA0024.3	37736	0.768316077134986	0.0465822995609816
MA0866.1	37736	0.694083458047104	0.05728484476367
MA0870.1	37736	0.694605388169457	0.0571787961527897
MA0872.1	37736	0.802198564725189	0.0628054411462768
MA0028.2	37736	0.802021892539075	0.0587188863006092
MA0873.1	37736	0.785838217845751	0.0529676498251504
MA0874.1	37736	0.736453368664709	0.0583033942506258
MA0875.1	37736	0.882988757200587	0.0680362922017559
MA0876.1	37736	0.889344585538532	0.0643952349279907
MA0880.1	37736	0.873219073276681	0.0701384911678435
MA0881.1	37736	0.874530122560565	0.0672283548011642
MA0882.1	37736	0.872770004321592	0.0691075994394754
MA0883.1	37736	0.787340882482183	0.049029435975054
MA0886.1	37736	0.827397652844829	0.0679140404918302
MA0887.1	37736	0.856289088209819	0.0573434283646468
MA0888.1	37736	0.853401796103017	0.0579450476452703
MA0889.1	37736	0.820259580757343	0.0655058362440138
MA0890.1	37736	0.835098564677691	0.070686972584935
MA0891.1	37736	0.85312810000566	0.0518815455432733
MA0892.1	37736	0.868643229106162	0.0547522315751372
MA0894.1	37736	0.830623982495651	0.0735842861668954
MA0895.1	37736	0.834055088115544	0.0516678015271866
MA0896.1	37736	0.760806612997268	0.049221837919695
MA0897.1	37736	0.73907010095434	0.0540436554437756
MA0898.1	37736	0.737145608023807	0.0544108730374757
MA0899.1	37736	0.827690958022228	0.0684521440579999
MA0903.1	37736	0.874136855986456	0.064140627671777
MA0905.1	37736	0.830853558803993	0.0612940621708193
MA0906.1	37736	0.777896386019365	0.0553766650094829
MA0907.1	37736	0.780940627222694	0.0582145998292577
MA0908.1	37736	0.815055403391397	0.0613712515455624
MA0911.1	37736	0.800031963011217	0.0528092668193886
MA0914.1	37736	0.868721747369609	0.0533812186066218
MA0852.2	37736	0.79433465126316	0.0576061442949515
MA0036.3	37736	0.821598666843488	0.0654214938841273
MA1106.1	37736	0.832237732347875	0.0593600199689806
MA0147.3	37736	0.806040438260686	0.0600465133226844
MA0100.3	37736	0.863382520569437	0.054863878708774
MA0104.4	37736	0.786922677344951	0.0585213342843027
MA1109.1	37736	0.823402319598492	0.050116843547717
MA0161.2	37736	0.833823834865531	0.0574545287333884
MA0060.3	37736	0.819089505107619	0.0628973177563248
MA1111.1	37736	0.824296565743677	0.0585899366592902
MA0014.3	37736	0.812275432898852	0.0500316004106958
MA1114.1	37736	0.75702567377827	0.0491305074958353
MA1115.1	37736	0.812880018972203	0.0744492796608461
MA1116.1	37736	0.888798013176064	0.0624855646249334
MA1117.1	37736	0.825608644641634	0.0507888596573761
MA1118.1	37736	0.78985934436927	0.0518813740414348
MA1119.1	37736	0.738730069661949	0.0484574720454569
MA0442.2	37736	0.851109870681895	0.0624531831304378
MA1120.1	37736	0.830443045368404	0.0619131716572485
MA1121.1	37736	0.803522913158424	0.0521034637274871
MA1122.1	37736	0.847526718649453	0.0662874640363305
MA0750.2	37736	0.826133516758326	0.0572181626136621
MA0103.3	37736	0.873135201287588	0.0592267340330922
MA1124.1	37736	0.712351290914231	0.0645381515119121
MA1125.1	37736	0.809376543659399	0.113081684103955
MA1154.1	37736	0.740931513750699	0.0392736614258047
MA1155.1	37736	0.7312460992267	0.0455245130755611
MA0099.3	37736	0.812175152484544	0.0564839947471393
MA1126.1	37736	0.749293643752214	0.0497969687987683
MA1127.1	37736	0.754043990277133	0.0596779375984528
MA1128.1	37736	0.800288295623544	0.0558018846284518
MA1129.1	37736	0.765893565703737	0.0591701765865218
MA1130.1	37736	0.806974125968042	0.0565011585746203
MA1131.1	37736	0.778113837984091	0.0583978565131152
MA1132.1	37736	0.818762218056008	0.0511506848940125
MA1133.1	37736	0.770646888184062	0.0554880332751386
MA1134.1	37736	0.79118265859549	0.057440691421397
MA1135.1	37736	0.80624424771146	0.0588620219764514
MA1136.1	37736	0.780535793765838	0.0570065623775108
MA1137.1	37736	0.798277863126448	0.0541896004306766
MA1138.1	37736	0.801342374461567	0.0610365685721224
MA1139.1	37736	0.749181258496649	0.0617383103911571
MA1141.1	37736	0.792086808971193	0.0559711393788021
MA1142.1	37736	0.834447131893804	0.0530675507428158
MA1143.1	37736	0.810247881237238	0.0529523961917589
MA1144.1	37736	0.802413434065001	0.0586348810636888
MA1145.1	37736	0.756618268539872	0.0563863317816358
MA1146.1	37736	0.758309778397927	0.0370301404176867
MA1147.1	37736	0.773904156071769	0.0372597455588336
MA1148.1	37736	0.760375043201054	0.036284460850481
MA1149.1	37736	0.790703999308907	0.037786599251529
MA1150.1	37736	0.828277896138178	0.0472052094096573
MA1151.1	37736	0.833431871198914	0.0439010867927578
MA1152.1	37736	0.870045830997047	0.0616964625751418
MA1153.1	37736	0.855632748344379	0.0583367365294125
MA1418.1	37736	0.705988894739354	0.0461231086564024
MA1419.1	37736	0.700780720931804	0.0463429590839583
MA1420.1	37736	0.746766937107159	0.0412666054306405
MA1421.1	37736	0.769495155730997	0.0516832519100122
MA1463.1	37736	0.780069954805922	0.0817048846302247
MA1464.1	37736	0.802916072258055	0.0621914499731457
MA1466.1	37736	0.734369463276536	0.0450234459501665
MA1468.1	37736	0.850301711656	0.0407387133349086
MA1101.2	37736	0.711164836024104	0.0496875528303303
MA1470.1	37736	0.696349124205009	0.0436357928447808
MA1471.1	37736	0.818524394720088	0.0726006865510676
MA1473.1	37736	0.796325124272386	0.0638840319447819
MA1474.1	37736	0.793607983763828	0.0463514986447368
MA1475.1	37736	0.778899164062649	0.0528488762321358
MA1478.1	37736	0.806768301465787	0.0522970519559284
MA1479.1	37736	0.777184813175344	0.0550216447405466
MA1480.1	37736	0.806670660259566	0.0545088505152304
MA1481.1	37736	0.862935419915831	0.0727195987701632
MA1484.1	37736	0.845688959368721	0.0511189768254349
MA1485.1	37736	0.766716216163829	0.0464394172688231
MA1489.1	37736	0.768314739241043	0.081747566674909
MA1493.1	37736	0.801104769880537	0.045444452408448
MA1494.1	37736	0.728452503131884	0.0435726553013122
MA1495.1	37736	0.87133658608678	0.0605707183280728
MA1496.1	37736	0.896723508991765	0.0495176478516209
MA1497.1	37736	0.849832620251418	0.0529882644003582
MA1499.1	37736	0.858651851973926	0.0735255960359731
MA1500.1	37736	0.889843904536948	0.0526686184764912
MA1501.1	37736	0.837544911872808	0.0504056870410356
MA1502.1	37736	0.8693680090116	0.0658835273620987
MA1503.1	37736	0.791842550621311	0.059182983881819
MA1504.1	37736	0.885626405009276	0.0701438309999464
MA1505.1	37736	0.874367832579026	0.0583975206435923
MA1506.1	37736	0.77705081903213	0.0546609281959842
MA1507.1	37736	0.878224701987855	0.0722629425943976
MA1508.1	37736	0.831054777715931	0.0518810903659742
MA1509.1	37736	0.792621048352347	0.0483360380617766
MA1512.1	37736	0.864554371300989	0.0625014829827192
MA1513.1	37736	0.858451087794168	0.100786417167168
MA1514.1	37736	0.782179959728009	0.0514045170268048
MA1515.1	37736	0.894171357409876	0.0626684614126917
MA1516.1	37736	0.845340242234435	0.0619486209116867
MA1517.1	37736	0.880039355648911	0.0587020951514381
MA1519.1	37736	0.833901959262958	0.0773889185378678
MA1520.1	37736	0.74928438415309	0.0408250486263419
MA1521.1	37736	0.758144741897716	0.0411604444698888
MA1522.1	37736	0.877397663391076	0.0774171033295123
MA1523.1	37736	0.84807232031137	0.0471416644014351
MA1527.1	37736	0.74243939553792	0.0512379814258575
MA1528.1	37736	0.756006912081307	0.0501969207767653
MA1529.1	37736	0.733168466561502	0.0486090366979058
MA1530.1	37736	0.857067659408815	0.0604723570744565
MA1531.1	37736	0.774240747548059	0.0409196285963093
MA1533.1	37736	0.785428600244534	0.0341166438266082
MA1534.1	37736	0.843092846398405	0.0526813069069308
MA1535.1	37736	0.911205204101584	0.0561694642392586
MA1536.1	37736	0.948030668215636	0.0355256580893969
MA1537.1	37736	0.754190551694789	0.0422121863243007
MA1538.1	37736	0.73666205038372	0.0431115892051872
MA1539.1	37736	0.722219837582305	0.0439863895138065
MA1541.1	37736	0.749279999922296	0.0418529490156475
MA1542.1	37736	0.832254588274353	0.0450869334136046
MA1544.1	37736	0.748408185519565	0.0493772446015741
MA1545.1	37736	0.786743550067054	0.0473175261439904
MA1546.1	37736	0.7496022392433	0.0372027332527388
MA1548.1	37736	0.845361515935046	0.0700528446335174
MA1549.1	37736	0.836299190331192	0.0578774087011
MA1550.1	37736	0.753938720380675	0.0415050488854881
MA1552.1	37736	0.755066424317573	0.0402306300299011
MA1553.1	37736	0.742255790301514	0.0413627321791679
MA1554.1	37736	0.882831618293813	0.0376051841171148
MA1555.1	37736	0.764346362827179	0.0422155356269812
MA1556.1	37736	0.760521410914614	0.0443293844256957
MA1557.1	37736	0.781026984618922	0.0454178706481353
MA1558.1	37736	0.875235825113156	0.0529908135844546
MA1559.1	37736	0.836036048148493	0.0518876121894186
MA1560.1	37736	0.800508475161804	0.0596117471798977
MA1561.1	37736	0.765699226174944	0.048974013365675
MA1562.1	37736	0.780262811763783	0.0529832703335825
MA1564.1	37736	0.864771715675716	0.0661521143103187
MA1565.1	37736	0.816228675604418	0.0449536941315646
MA1568.1	37736	0.810236173579619	0.0387857959117485
MA1569.1	37736	0.874322426176438	0.0646655973587775
MA1570.1	37736	0.861930154654287	0.0469931443211708
MA1571.1	37736	0.74896550957995	0.0465604961558214
MA1572.1	37736	0.756119296799475	0.0459417246462799
MA1574.1	37736	0.79924556500915	0.0376114052972604
MA1575.1	37736	0.738484104928596	0.0415281057883129
MA1576.1	37736	0.738411793523627	0.0366318787972593
MA1577.1	37736	0.847210682877802	0.0876937649069219
MA1578.1	37736	0.867870608489981	0.0610673130933485
MA1579.1	37736	0.827391114286334	0.0550219121955348
MA1580.1	37736	0.779843089235349	0.0619534984582862
MA1581.1	37736	0.825223865925881	0.052821540780136
MA1583.1	37736	0.818416665463116	0.0549981525287337
MA1584.1	37736	0.772455301111611	0.0500360766667478
MA1585.1	37736	0.791565269661517	0.0511033652720626
MA1587.1	37736	0.786357767502994	0.058017794577072
MA1588.1	37736	0.729605399474592	0.0453049169586031
MA1589.1	37736	0.686826868900627	0.037650923031225
MA1592.1	37736	0.776052623438147	0.0400180715536897
MA1593.1	37736	0.795667701374481	0.0513221429159051
MA1594.1	37736	0.681070516988785	0.0330734865469964
MA1596.1	37736	0.778309120478516	0.075373907329057
MA1597.1	37736	0.706001915951229	0.0416815345671739
MA1599.1	37736	0.765696459084593	0.0543684305776452
MA1600.1	37736	0.72739125675148	0.037213928915924
MA1602.1	37736	0.783080830342293	0.0445508591990301
MA1603.1	37736	0.759743023017519	0.0582676051474643
MA1604.1	37736	0.79930269356332	0.0559438904230892
MA1606.1	37736	0.815606268138254	0.074843746712165
MA1607.1	37736	0.778536736151346	0.0702516340050942
MA1608.1	37736	0.819660257818548	0.0605605359806171
MA1615.1	37736	0.824519892196901	0.0616490444594311
MA1616.1	37736	0.775178976621441	0.0455581807565208
MA1618.1	37736	0.818264559981753	0.0541959476776648
MA1619.1	37736	0.82534332728414	0.0579648769879589
MA1620.1	37736	0.833770294901065	0.0548860727320256
MA1621.1	37736	0.831799812283278	0.0532200264616636
MA1623.1	37736	0.792280870437438	0.0682405235907178
MA1624.1	37736	0.805513555132233	0.0579326809928836
MA1625.1	37736	0.790878436621367	0.0592163112899052
MA1627.1	37736	0.82775259595508	0.0626867114396547
MA1628.1	37736	0.866723036752421	0.0557445177484425
MA1629.1	37736	0.803035473147579	0.0510851684997959
MA1100.2	37736	0.871943288725008	0.050271548817592
MA0605.2	37736	0.737431251386628	0.0628320007276969
MA0462.2	37736	0.791440526741464	0.06404479601882
MA0463.2	37736	0.739903495391384	0.0436467458445323
MA0864.2	37736	0.754533423731645	0.0442036967330409
MA0469.3	37736	0.694105990809138	0.0430517707114226
MA0470.2	37736	0.746325618538435	0.0448903254727465
MA0612.2	37736	0.837754716413126	0.0717148104292362
MA0766.2	37736	0.848125000150363	0.0565806870954535
MA0038.2	37736	0.797534492224585	0.0504569341788746
MA0893.2	37736	0.894191073391758	0.0548933173453678
MA1099.2	37736	0.849925312982967	0.0661767396629084
MA0616.2	37736	0.805144452640549	0.0653398744264928
MA0900.2	37736	0.836565678378595	0.0752542420386975
MA0158.2	37736	0.865665299316307	0.0594618130160426
MA0594.2	37736	0.860642040322011	0.0462984718475921
MA0902.2	37736	0.876137871605081	0.0643493196344394
MA0904.2	37736	0.855870830304699	0.0632087366338269
MA0485.2	37736	0.782120785489601	0.060474948958625
MA0912.2	37736	0.821346425040581	0.0660347916659972
MA0910.2	37736	0.86460692614181	0.0641810008163152
MA0913.2	37736	0.818125933700723	0.0688724812228071
MA1140.2	37736	0.718680609459369	0.0585134797648684
MA0701.2	37736	0.833933213511638	0.071509568935497
MA0702.2	37736	0.802451870467752	0.0854826922149453
MA0703.2	37736	0.752019300591925	0.0923266417310832
MA0623.2	37736	0.793854339618861	0.0518775500770313
MA0842.2	37736	0.780125175388507	0.0486629820623233
MA0682.2	37736	0.852216343959349	0.0677448126841763
MA0075.3	37736	0.817898912353125	0.0828634815601043
MA0867.2	37736	0.865124567195653	0.0560075192870104
MA0868.2	37736	0.830455357070975	0.0585377372262866
MA0746.2	37736	0.851898160205412	0.066047744328656
MA0632.2	37736	0.832902593619027	0.0662119213055225
MA0871.2	37736	0.794985163590231	0.0596682950770377
MA0753.2	37736	0.803422577696885	0.0653442569904903
MA0122.3	37736	0.779053993312151	0.0606131714776083
MA1707.1	37736	0.797274652851769	0.0565294784799058
MA1708.1	37736	0.858755000584237	0.0472000707961407
MA1709.1	37736	0.770375367649955	0.0568852348111233
MA1710.1	37736	0.880357740161083	0.0486793005679216
MA1711.1	37736	0.746321126357751	0.0455264444568168
MA1712.1	37736	0.790491706896512	0.0553384137744361
MA1713.1	37736	0.798126525236143	0.0771085905062889
MA1714.1	37736	0.742362088126384	0.0358566523023834
MA1715.1	37736	0.730953051363944	0.0429503422741982
MA1716.1	37736	0.738261668579624	0.0410938811022492
MA1717.1	37736	0.789387208317146	0.047287898932708
MA1718.1	37736	0.658818336942427	0.0458891768827175
MA1719.1	37736	0.7441925890105	0.0461124887861351
MA1720.1	37736	0.752710298085908	0.0478674729021618
MA1721.1	37736	0.766875785301816	0.0697699746565154
MA1722.1	37736	0.706137951590607	0.0358709527020522
MA1723.1	37736	0.806326359399788	0.0464593894801615
MA1724.1	37736	0.788139761600566	0.0490358651548922
MA1631.1	37736	0.838290014251336	0.0553404395272773
MA1632.1	37736	0.781432542162143	0.0624760561142195
MA1634.1	37736	0.793043580066582	0.0643927492912528
MA1635.1	37736	0.854246176060661	0.0689268085848989
MA1636.1	37736	0.763774591515727	0.0565090094388253
MA1637.1	37736	0.799248887242695	0.0579060509757832
MA1638.1	37736	0.863499674124648	0.0592136872780384
MA1639.1	37736	0.783295323594364	0.0630260943435786
MA1640.1	37736	0.757138121006798	0.0656193362223725
MA1641.1	37736	0.816100626076873	0.0572128779836168
MA1642.1	37736	0.832039416293487	0.0521758780103981
MA1643.1	37736	0.711537861484183	0.0468377040224689
MA1644.1	37736	0.818129225367965	0.0639924642162073
MA1645.1	37736	0.813901086387416	0.0476975018137381
MA1646.1	37736	0.836703228893686	0.0517568458440243
MA1648.1	37736	0.869586770164328	0.0567939428999126
MA1649.1	37736	0.841135208815332	0.0524269553158046
MA1650.1	37736	0.816958105614046	0.074239808928869
MA1651.1	37736	0.728256607949975	0.0476667758561627
MA1652.1	37736	0.820395146006592	0.0518243196248469
MA1653.1	37736	0.849800067017373	0.0794303905597175
MA1654.1	37736	0.700045505044048	0.0342106120262829
MA1655.1	37736	0.820357254371107	0.0510900671522701
MA1656.1	37736	0.800277984600815	0.049885773348818
MA1657.1	37736	0.769876077750534	0.0614865853171275
MA1683.1	37736	0.816714099972569	0.0710577479729209
MA1725.1	37736	0.803801558847763	0.0475720804793614
MA1726.1	37736	0.78337885644266	0.0504055765698916
MA1727.1	37736	0.792699294083539	0.0555081017267197
MA1728.1	37736	0.833682650041816	0.0538276786486039
MA1729.1	37736	0.758729459668448	0.0475260846901194
MA1730.1	37736	0.785194331196743	0.0455453851637719
MA1731.1	37736	0.79640588505618	0.0431102512061006
MA0833.2	37736	0.764946465411791	0.0565875487260346
MA0835.2	37736	0.791147749811271	0.0628993483900537
MA0465.2	37736	0.789771188098634	0.0699266086310452
MA0102.4	37736	0.765993148863787	0.058715354292373
MA0836.2	37736	0.779492966292837	0.0582137560386524
MA0018.4	37736	0.788040649617395	0.0674158436933577
MA1102.2	37736	0.837852704272533	0.0683539677611175
MA0471.2	37736	0.85082305464778	0.0581475101750426
MA0154.4	37736	0.781861120566183	0.0535777394038967
MA0162.4	37736	0.810628188843221	0.0718785957843947
MA0598.3	37736	0.801695993218548	0.0509622190008383
MA0473.3	37736	0.805345021700593	0.0517006375079336
MA0640.2	37736	0.818722397546361	0.0500852941585906
MA0592.3	37736	0.777637792214546	0.054167801390463
MA0761.2	37736	0.812208635219801	0.0514541252538239
MA0477.2	37736	0.783308472989676	0.0623840915015531
MA0148.4	37736	0.790217105898128	0.0687653893316521
MA0047.3	37736	0.813701667665432	0.0709115085395365
MA1103.2	37736	0.814676642133916	0.0711824745352397
MA0481.3	37736	0.819846223533042	0.0721010091353959
MA0062.3	37736	0.804738337638894	0.0510044031224985
MA0035.4	37736	0.811285236858542	0.0625449750298982
MA0482.2	37736	0.805020535922575	0.0577169037072606
MA1104.2	37736	0.782097077972335	0.0638567653187087
MA1105.2	37736	0.784028762465356	0.0547819911291508
MA0043.3	37736	0.774199908568	0.0630659174537594
MA0114.4	37736	0.781626717749814	0.0534961681061366
MA0484.2	37736	0.786511242364609	0.052483981700601
MA0901.2	37736	0.773308156544458	0.0780503426875536
MA0490.2	37736	0.769046182617677	0.0637690689080973
MA0491.2	37736	0.772471436680489	0.0629956643753751
MA0039.4	37736	0.879206837304746	0.0700807964796429
MA1107.2	37736	0.793859024123589	0.0594577604798397
MA0700.2	37736	0.806315619809389	0.0747883762645479
MA0495.3	37736	0.745959841797818	0.0535927087173228
MA0496.3	37736	0.746013618739727	0.0541505233844712
MA0052.4	37736	0.772144644757303	0.0791629429291449
MA0620.3	37736	0.752244286482657	0.0535165423812877
MA1108.2	37736	0.864768183023577	0.0620646834679279
MA0499.2	37736	0.824473298149016	0.0504520953810143
MA0500.2	37736	0.823139986881068	0.0636525572520579
MA0056.2	37736	0.820736883168274	0.049259651828695
MA0089.2	37736	0.738159880807879	0.0486301601834485
MA0025.2	37736	0.774039980003572	0.06875277420118
MA0502.2	37736	0.803012762215156	0.0576068102540843
MA0063.2	37736	0.835723921473644	0.0559809258019058
MA1112.2	37736	0.821391344614762	0.057245857457044
MA0679.2	37736	0.722520699075976	0.0796598182585533
MA0712.2	37736	0.827200428827964	0.0626997314913768
MA1113.2	37736	0.76842990146127	0.0703805346841748
MA0681.2	37736	0.709731690473955	0.0906223494572596
MA0782.2	37736	0.770308886638939	0.053101237130803
MA0627.2	37736	0.772956199922972	0.0737945843903948
MA0508.3	37736	0.8487331325128	0.0583488509938519
MA0684.2	37736	0.82560928234349	0.0560570639249151
MA0743.2	37736	0.7599605558902	0.0472948743061519
MA0744.2	37736	0.763129641447902	0.0464766273766286
MA0745.2	37736	0.815333799696004	0.0545912602643498
MA0143.4	37736	0.825082838551785	0.0605465785852038
MA0081.2	37736	0.777423199627868	0.0467933355327032
MA0829.2	37736	0.77023642565455	0.0550870751879575
MA0522.3	37736	0.869904236027403	0.056234631693875
MA0830.2	37736	0.837057701525697	0.0556282919324113
MA0769.2	37736	0.827973085693091	0.0614587512831567
MA0090.3	37736	0.794544477028664	0.0534861763503112
MA0809.2	37736	0.813200397013353	0.0538494423847716
MA0003.4	37736	0.81743776881832	0.0580156698123215
MA0814.2	37736	0.823433427378547	0.0600399526090264
MA1123.2	37736	0.817130471897689	0.0525427096925247
MA0093.3	37736	0.772672513703868	0.0530815072896259
MA0748.2	37736	0.814644967327636	0.0580603340911321
MA0528.2	37736	0.85573811473699	0.0641857339885325
MA0609.2	37736	0.72625586563626	0.0585625992413293
MA1684.1	37736	0.953583326117878	0.0625440202489871
MA1928.1	37736	0.80288758207547	0.0620098817011633
MA1929.1	37736	0.684801719874678	0.0387518255686806
MA1930.1	37736	0.677473280375675	0.0373454954023347
MA1931.1	37736	0.73310971680381	0.0449543643897326
MA1932.1	37736	0.728143190047837	0.0395667337580988
MA1933.1	37736	0.742513265525516	0.0417762529804057
MA1934.1	37736	0.77717303990775	0.0440925239602508
MA1935.1	37736	0.8235518221806	0.0393793898583674
MA1936.1	37736	0.834283840893472	0.0367406394290446
MA1937.1	37736	0.792486337309304	0.0399159271216961
MA1938.1	37736	0.756707632670969	0.0396027940530273
MA1939.1	37736	0.734808904947776	0.037267392574783
MA1940.1	37736	0.762103988482872	0.044167068315097
MA1941.1	37736	0.762944154113823	0.0425550008488093
MA1942.1	37736	0.789945182763653	0.042076763760686
MA1943.1	37736	0.764946237054571	0.0418028708078176
MA1944.1	37736	0.777705289607717	0.0402355427652664
MA1945.1	37736	0.77424975403794	0.0447814602095696
MA1946.1	37736	0.808575334349346	0.038489819341861
MA1947.1	37736	0.826593847027553	0.0397751701069535
MA1948.1	37736	0.781678354273334	0.0383848215148401
MA1949.1	37736	0.747078696549367	0.0398421137923662
MA1950.1	37736	0.791880835705137	0.0466518538122111
MA1951.1	37736	0.721475258688023	0.0540591402617503
MA1952.1	37736	0.806639700997919	0.0454298602697391
MA1953.1	37736	0.797127403345401	0.0444928052448799
MA1954.1	37736	0.7924060600651	0.0467807272056942
MA1955.1	37736	0.78698814286184	0.0464578229596707
MA1956.1	37736	0.776153635327327	0.0455734507678934
MA1957.1	37736	0.745775404547266	0.0429341077848303
MA1958.1	37736	0.722587466538802	0.0421119427315887
MA1959.1	37736	0.912983179859782	0.0769281628363234
MA1960.1	37736	0.784255263163277	0.0506124320642221
MA1961.1	37736	0.883633435891888	0.0798395467772181
MA1962.1	37736	0.728649016852438	0.0571047195306095
MA1963.1	37736	0.772120453291633	0.0798223313613038
MA1964.1	37736	0.875373471621237	0.0578221596337135
MA1965.1	37736	0.914837536044858	0.0700713364461927
MA1966.1	37736	0.784229220242209	0.0437393261552719
MA1967.1	37736	0.724408958564855	0.0445201271843174
MA1968.1	37736	0.803325318123362	0.0468520776784409
MA1969.1	37736	0.71973481667387	0.0379830204450824
MA1970.1	37736	0.791942307836094	0.0654957064482327
MA1971.1	37736	0.811470501453891	0.0466705566115818
MA1972.1	37736	0.827657123768962	0.0434993622822973
MA1973.1	37736	0.736418176459552	0.0434682732811268
MA1974.1	37736	0.725652893750699	0.0621297524153568
MA1975.1	37736	0.769883543103423	0.0408348578809657
MA1976.1	37736	0.751641870256107	0.0460308508219755
MA1977.1	37736	0.756857718661478	0.0361067496564671
MA1978.1	37736	0.740046318193605	0.0602320108733807
MA1979.1	37736	0.812831580719362	0.0486434540523146
MA1980.1	37736	0.773050970141932	0.0396120924754866
MA1981.1	37736	0.796760456820316	0.0548240860182265
MA1982.1	37736	0.791027372314778	0.0464548709683881
MA1983.1	37736	0.664589851729308	0.0382331900186882
MA1984.1	37736	0.801037286864269	0.0411336138938738
MA1985.1	37736	0.751066674646858	0.0464697839460816
MA1986.1	37736	0.856419290949563	0.0676223534412214
MA1987.1	37736	0.788502726548001	0.039817708054767
MA1988.1	37736	0.818236762094351	0.0629888103103738
MA1989.1	37736	0.778690205693443	0.0568731128033461
MA1990.1	37736	0.791135533850056	0.0484897717063777
MA1991.1	37736	0.800116011470811	0.0485310970253187
MA1992.1	37736	0.808006207045446	0.0483052155775674
MA1993.1	37736	0.866010394045363	0.0660167181806363
MA1994.1	37736	0.804408552065651	0.0568881894838956
MA1995.1	37736	0.813899940300902	0.0522708985593846
MA1996.1	37736	0.859361032608145	0.0616547130461096
MA1997.1	37736	0.866996234360779	0.0672241115018975
MA1998.1	37736	0.794298540239453	0.047489619981818
MA1999.1	37736	0.767249646703614	0.0434634047946589
MA2001.1	37736	0.813683209212605	0.0553078664120258
MA2002.1	37736	0.87355519138909	0.0471518282291224
MA2003.1	37736	0.881522699048704	0.0399976355682072
MA0037.4	37736	0.805822776109429	0.0617723020805521
MA0041.2	37736	0.776277624792235	0.068095345052325
MA0050.3	37736	0.761103637872197	0.0606988248692619
MA0067.2	37736	0.769203027138704	0.0349724863298554
MA0078.2	37736	0.785452938222888	0.0549535529197164
MA0079.5	37736	0.898073964379896	0.0846161005395981
MA0080.6	37736	0.765052328081558	0.0489776198131619
MA0087.2	37736	0.805462426129069	0.049507747577122
MA0095.3	37736	0.805309340814505	0.059797247575048
MA0136.3	37736	0.842431387955279	0.0521184804599165
MA0152.2	37736	0.788183992701877	0.0593645175313067
MA0156.3	37736	0.796963191827873	0.0542676791699265
MA0157.3	37736	0.822328434917131	0.0668768001756662
MA0160.2	37736	0.843692311555571	0.0496628710599139
MA0466.3	37736	0.732616589970141	0.0491767178625045
MA0467.2	37736	0.84233532116546	0.0722229145343718
MA0474.3	37736	0.815445474820278	0.0496212522126465
MA0480.2	37736	0.832410913593007	0.0646992831691459
MA0489.2	37736	0.804112086803002	0.0632331497725652
MA0493.2	37736	0.924351303713876	0.0738583536292678
MA0505.2	37736	0.773781294932498	0.0505922722231035
MA0506.2	37736	0.769635063751404	0.0754535916651846
MA0507.2	37736	0.724637247444083	0.0707625751680086
MA0509.3	37736	0.697854825075249	0.0502144608852373
MA0514.2	37736	0.837639780893361	0.0594227969838642
MA0516.3	37736	0.907442275017698	0.0761352326483672
MA0521.2	37736	0.838953271667379	0.0630927651408021
MA0526.4	37736	0.753100965268825	0.0586125173454217
MA0606.2	37736	0.815652912447181	0.0595014803252478
MA0607.2	37736	0.771336090225021	0.0511512335931
MA0611.2	37736	0.729356715620476	0.0655948775144084
MA0624.2	37736	0.83502243113473	0.0615284376596833
MA0625.2	37736	0.914656165032056	0.0419929921668735
MA0633.2	37736	0.868695218884642	0.0700774482259402
MA0642.2	37736	0.868593574857438	0.0635599063225967
MA0644.2	37736	0.853374188269914	0.0710201820478953
MA0650.3	37736	0.808994160612564	0.068388807112883
MA0651.2	37736	0.738887114425181	0.0541391751491878
MA0659.3	37736	0.736728811468735	0.0493520048024293
MA0666.2	37736	0.852110901151434	0.0721932257350469
MA0668.2	37736	0.810406551134961	0.0476843400570351
MA0680.2	37736	0.71568834366239	0.0833032154016835
MA0685.2	37736	0.909363150861977	0.077392284424259
MA0690.2	37736	0.78705449720888	0.0461307854697298
MA0693.3	37736	0.83729925256442	0.0605227245011262
MA0697.2	37736	0.815284989910114	0.0556787311447323
MA0707.2	37736	0.883826717143203	0.0686086112310511
MA0708.2	37736	0.858867146823666	0.0686980830980481
MA0723.2	37736	0.90298199622131	0.0537565792625661
MA0734.3	37736	0.80790042251133	0.0490162945846976
MA0740.2	37736	0.912444001326476	0.0728934491005422
MA0742.2	37736	0.893970515652985	0.0824034959922062
MA0754.2	37736	0.762188269234368	0.0603858812010035
MA0756.2	37736	0.788043034120547	0.0553012159876363
MA0759.2	37736	0.804126478551285	0.0589554462631592
MA0764.3	37736	0.83065277835239	0.0549492907973692
MA0765.3	37736	0.802479294979356	0.0580873335106275
MA0768.2	37736	0.780821407246474	0.0535861640705898
MA0784.2	37736	0.711431280591305	0.0670719343802985
MA0798.3	37736	0.701392651073073	0.048848636180686
MA0799.2	37736	0.709052393670818	0.047021200221619
MA0818.2	37736	0.787998505373324	0.0514879251611659
MA0819.2	37736	0.839357354179606	0.0510509064157519
MA0821.2	37736	0.816963793070174	0.0562417275390326
MA0828.2	37736	0.725021437351446	0.055039769521717
MA0831.3	37736	0.761315088841171	0.0598517609636771
MA0837.2	37736	0.736632627212066	0.049058048354173
MA0847.3	37736	0.808919218332	0.0629407496226069
MA0865.2	37736	0.801622524783249	0.0458482279597347
MA0869.2	37736	0.832323152124527	0.0508965967633477
MA0877.3	37736	0.830189137517751	0.0595441513629408
MA0878.3	37736	0.802720473459777	0.0634179258341518
MA0879.2	37736	0.888285900432284	0.0601782026440676
MA0884.2	37736	0.76092632611733	0.0649080441579925
MA0885.2	37736	0.791724681851087	0.061309382092439
MA0909.3	37736	0.816850387816061	0.0790778125751858
MA1110.2	37736	0.878949602230337	0.0607732919580292
MA1467.2	37736	0.838824304726294	0.0549095563760806
MA1472.2	37736	0.821889815024354	0.0543510610156256
MA1476.2	37736	0.792862244405417	0.0625418697065317
MA1483.2	37736	0.812493134148272	0.0479534919734484
MA1487.2	37736	0.795029691967737	0.0642670547312306
MA1491.2	37736	0.728531369301213	0.042428436409477
MA1498.2	37736	0.885654815103269	0.0584642895730498
MA1511.2	37736	0.901849101117006	0.0779529287726713
MA1518.2	37736	0.718705140839216	0.0554529038611596
MA1524.2	37736	0.783191584096164	0.0458982392961542
MA1525.2	37736	0.854298453853925	0.0564988614747374
MA1532.2	37736	0.747532252127088	0.0400747610294704
MA1547.2	37736	0.843326074918167	0.063882097771061
MA1563.2	37736	0.901990876411356	0.0539403447141278
MA1566.2	37736	0.80668688522293	0.0476584967085808
MA1567.2	37736	0.81578264675583	0.0472148629410092
MA1573.2	37736	0.734495900963969	0.0583648536178516
MA1601.2	37736	0.780602646244642	0.0436403724126442
MA1630.2	37736	0.862647745962679	0.0765997279126538
MA1633.2	37736	0.792975723491063	0.060672684210208
MA1647.2	37736	0.759762842939382	0.0446696380793124
MA0597.2	37736	0.843963211509325	0.0564763407725624
MA1540.2	37736	0.735788353162279	0.0489383116989276
