[SHORT TFBS MATRIX]
MA0004.1	31397	0.825710249408713	0.0753266370991227
MA0006.1	31397	0.881276044960404	0.0702959810485822
MA0019.1	31397	0.79583155507903	0.0449826178736115
MA0029.1	31397	0.719235115755263	0.0607056104914549
MA0030.1	31397	0.743015000727838	0.0647701824766254
MA0031.1	31397	0.798659886691118	0.0729842694420559
MA0040.1	31397	0.771311527071958	0.0701769617796038
MA0041.1	31397	0.803600704730909	0.0685895808533041
MA0051.1	31397	0.725427590463768	0.0500679376841252
MA0057.1	31397	0.886144074556878	0.0444229448962793
MA0059.1	31397	0.769064460880952	0.0536602767268858
MA0066.1	31397	0.720211484509025	0.0364666475506499
MA0067.1	31397	0.906551391488773	0.0441386679655421
MA0069.1	31397	0.744988857588445	0.0420568862327474
MA0070.1	31397	0.759264024574568	0.0574135294773586
MA0071.1	31397	0.792203531275144	0.0600167500868611
MA0072.1	31397	0.735476971506495	0.0569735521401964
MA0073.1	31397	0.770617842155919	0.0546622363391934
MA0074.1	31397	0.731330704988745	0.0431105123523287
MA0077.1	31397	0.817905679872485	0.0581352880011135
MA0078.1	31397	0.846039306878224	0.0629554115722178
MA0084.1	31397	0.840632216401552	0.0688694623356566
MA0087.1	31397	0.825717628088173	0.0784241967816902
MA0091.1	31397	0.785739106651807	0.0516630493549572
MA0092.1	31397	0.856957033993111	0.0446603118319931
MA0101.1	31397	0.839294220301063	0.0503202358921633
MA0107.1	31397	0.79057499238905	0.0579791788059407
MA0108.2	31397	0.789858363272838	0.0660745522557417
MA0109.1	31397	0.923580504166413	0.0473040105908621
MA0111.1	31397	0.845967345899615	0.0348203976698568
MA0115.1	31397	0.649558662100681	0.0487513379359841
MA0116.1	31397	0.8001287904284	0.0465341625836565
MA0119.1	31397	0.709417335358169	0.0535315320152214
MA0125.1	31397	0.822027231836746	0.0698031599996967
MA0130.1	31397	0.935660940466274	0.0521553116665604
MA0135.1	31397	0.737038210090622	0.0748549720502243
MA0139.1	31397	0.757983233210231	0.0463644217575068
MA0142.1	31397	0.71975208427411	0.0603054585961824
MA0149.1	31397	0.658831804295047	0.0579620732443613
MA0138.2	31397	0.668291367877223	0.0411807481004128
MA0002.2	31397	0.828561233144361	0.0486030883362781
MA0065.2	31397	0.788623761290892	0.0404964823915181
MA0151.1	31397	0.844717325219485	0.0938045350703623
MA0152.1	31397	0.866258398156053	0.0617856259004524
MA0155.1	31397	0.830789440094246	0.0448563867380081
MA0159.1	31397	0.777235196209829	0.036613396122543
MA0160.1	31397	0.86672668759537	0.0500727361534063
MA0163.1	31397	0.7716600312521	0.0544625027778942
MA0164.1	31397	0.795837156229247	0.0789146668503398
MA0259.1	31397	0.859395548751062	0.0649575160059243
MA0146.2	31397	0.818662217121268	0.066273667968896
MA0467.1	31397	0.790029842376534	0.0501445414310385
MA0468.1	31397	0.766203931246891	0.0641928303694671
MA0476.1	31397	0.787195766228402	0.0649225239997481
MA0478.1	31397	0.791632858910268	0.0586739471969076
MA0479.1	31397	0.788166971407797	0.0618539768227114
MA0480.1	31397	0.8003212241986	0.0612204136375668
MA0483.1	31397	0.809313610773107	0.0545552864378825
MA0488.1	31397	0.767165127354873	0.0612138671389392
MA0489.1	31397	0.771033179564506	0.0587432710363119
MA0492.1	31397	0.767808415210519	0.0598975013273642
MA0493.1	31397	0.846199034906416	0.0593109473389126
MA0494.1	31397	0.771601318451903	0.0365070458300897
MA0497.1	31397	0.765129345069939	0.0660486435843299
MA0501.1	31397	0.720985894588408	0.0505153310064969
MA0503.1	31397	0.830051180219227	0.0462053545372713
MA0504.1	31397	0.802060931945596	0.0414902819030825
MA0505.1	31397	0.752016958842237	0.0497499652992075
MA0506.1	31397	0.817433063047139	0.0765118671992953
MA0507.1	31397	0.739247961028092	0.0745774603372175
MA0513.1	31397	0.780446992569165	0.0491810327365894
MA0514.1	31397	0.843430717141343	0.057204986266934
MA0515.1	31397	0.833414365273291	0.0596235339833015
MA0517.1	31397	0.748402131943124	0.0606666012660445
MA0518.1	31397	0.804254731114932	0.0555040187281991
MA0519.1	31397	0.817801932529328	0.0574845931525598
MA0520.1	31397	0.77914163814715	0.0596092670162794
MA0521.1	31397	0.832614367896389	0.0595596581256799
MA0523.1	31397	0.787692012112309	0.0545089840737799
MA0527.1	31397	0.746944980726673	0.0566915097329103
MA0076.2	31397	0.828859559230389	0.0624721592076341
MA0258.2	31397	0.776766465649218	0.0436716701773493
MA0050.2	31397	0.711885555709869	0.0628249959158795
MA0150.2	31397	0.722521005705128	0.0490594334560895
MA0137.3	31397	0.794693161446094	0.061107044025544
MA0144.2	31397	0.827993666095297	0.0564851048955089
MA0140.2	31397	0.736232705578662	0.0541431666702021
MA0095.2	31397	0.764014699763046	0.0619322370669001
MA0591.1	31397	0.742807619474935	0.0465090898084294
MA0593.1	31397	0.788375765385587	0.0734050907892426
MA0595.1	31397	0.824410196544608	0.0500511436856625
MA0596.1	31397	0.805200903184049	0.051663683654553
MA0597.1	31397	0.902993469475816	0.0350916301871773
MA0599.1	31397	0.904060692255257	0.073095041738521
MA0601.1	31397	0.740901949251184	0.0996351026180875
MA0602.1	31397	0.738118859088514	0.0755035149287285
MA0603.1	31397	0.786656132397214	0.0657057526957428
MA0604.1	31397	0.813744485361759	0.0621129167664587
MA0606.1	31397	0.835287252190768	0.0610812478680679
MA0607.1	31397	0.826805623570069	0.0573496237411961
MA0608.1	31397	0.801886398165041	0.0591613168817082
MA0610.1	31397	0.757411837551364	0.0641230282407006
MA0611.1	31397	0.816393224283284	0.0817527764208159
MA0613.1	31397	0.786447538972853	0.0826733038215742
MA0614.1	31397	0.815700098811279	0.0760375056642357
MA0615.1	31397	0.794422928298734	0.048842570268904
MA0618.1	31397	0.812120190516552	0.0681733435278018
MA0619.1	31397	0.80149107473526	0.0898329960635352
MA0621.1	31397	0.711616865587188	0.0976054444591274
MA0622.1	31397	0.784093504306897	0.0813959765842721
MA0624.1	31397	0.846210118919042	0.0567513729702369
MA0625.1	31397	0.826876579162412	0.0590795232140097
MA0626.1	31397	0.807376943129414	0.0629381084690857
MA0628.1	31397	0.72728227036397	0.083156182174762
MA0629.1	31397	0.769205954425998	0.0463728174616045
MA0630.1	31397	0.814779890714209	0.0845043248602036
MA0631.1	31397	0.7005511315063	0.0491037169777381
MA0633.1	31397	0.769693073522227	0.0682659067198095
MA0634.1	31397	0.795600142438393	0.0728247245404489
MA0007.3	31397	0.699620082728779	0.0470231256697168
MA0635.1	31397	0.829680475812542	0.0608534522911273
MA0636.1	31397	0.745617891152472	0.0621958009606022
MA0637.1	31397	0.759728487801044	0.0394862091763135
MA0638.1	31397	0.736244528473957	0.050236073966659
MA0639.1	31397	0.753525233043937	0.0644764132897296
MA0641.1	31397	0.756633857159274	0.0600122860446053
MA0136.2	31397	0.841234237337325	0.0549951131820879
MA0027.2	31397	0.830462944708226	0.0741592996157126
MA0642.1	31397	0.837354310062097	0.0564048663192676
MA0643.1	31397	0.78849924264468	0.053339340220078
MA0644.1	31397	0.808928251298004	0.0708077160558245
MA0645.1	31397	0.826713246782357	0.0616653132876523
MA0475.2	31397	0.806492815026036	0.0610464689211455
MA0042.2	31397	0.812889437525411	0.0741410111187893
MA0033.2	31397	0.847194080634438	0.0721445010391751
MA0157.2	31397	0.788321506831441	0.0707887144769332
MA0646.1	31397	0.779900769681939	0.0461414374577212
MA0647.1	31397	0.71940949893667	0.0572757919105766
MA0648.1	31397	0.795600036587204	0.0623471678889641
MA0649.1	31397	0.784945203661392	0.0608547619952715
MA0131.2	31397	0.793247908665552	0.0590330888656869
MA0046.2	31397	0.694683546706287	0.0722480618019015
MA0153.2	31397	0.686328463455784	0.0720015961041145
MA0651.1	31397	0.758376529860642	0.0608801991348349
MA0486.2	31397	0.709997767468288	0.0582800927191928
MA0652.1	31397	0.688178238518809	0.051556756750123
MA0653.1	31397	0.661346234164182	0.0525649570933862
MA0654.1	31397	0.799843315347681	0.084919089644506
MA0655.1	31397	0.73711917381899	0.0669979651949937
MA0656.1	31397	0.71055674223079	0.0695350794155571
MA0657.1	31397	0.721240778096179	0.0507790066409904
MA0658.1	31397	0.776115666453301	0.0660194596175698
MA0660.1	31397	0.708002710667158	0.0722136143708117
MA0661.1	31397	0.802552368785739	0.0648760839971666
MA0662.1	31397	0.82147015745811	0.0730237807575928
MA0663.1	31397	0.742819684771221	0.0602504406140193
MA0664.1	31397	0.763831632256756	0.0619792608851056
MA0665.1	31397	0.782075371282075	0.0519731302427758
MA0666.1	31397	0.826949330261328	0.0703451891638577
MA0667.1	31397	0.761866900366791	0.0568577704944129
MA0668.1	31397	0.826490580625471	0.0412365048758647
MA0669.1	31397	0.764611393003069	0.0525115549015635
MA0670.1	31397	0.810039455942097	0.071902415588326
MA0671.1	31397	0.905844896266204	0.0468680627874536
MA0048.2	31397	0.797071147124148	0.0606428892606218
MA0672.1	31397	0.834979833091296	0.0505705328279151
MA0673.1	31397	0.869842665949493	0.0440075185709917
MA0674.1	31397	0.827231112634895	0.0698405361084645
MA0675.1	31397	0.829923848560723	0.078745464549512
MA0676.1	31397	0.803919097555108	0.0614010947546881
MA0677.1	31397	0.719583470775618	0.0476322174183606
MA0678.1	31397	0.764425908020942	0.0534173274696415
MA0068.2	31397	0.774019786894435	0.0748944203551608
MA0680.1	31397	0.677019811915909	0.0799432262040123
MA0683.1	31397	0.649190915560488	0.068920977200983
MA0512.2	31397	0.69705707393858	0.0497481481086007
MA0685.1	31397	0.77257639982808	0.0706751135769198
MA0686.1	31397	0.779554783737185	0.0536868923983062
MA0687.1	31397	0.778526316526763	0.0490346516710038
MA0083.3	31397	0.656773731002447	0.0529418860437852
MA0009.2	31397	0.675948749871056	0.0450324624035853
MA0688.1	31397	0.791645277116601	0.0483674975146876
MA0689.1	31397	0.771609603608251	0.0507288134651415
MA0690.1	31397	0.768889392309897	0.0527393008718681
MA0691.1	31397	0.763316786263301	0.0622678933668844
MA0145.3	31397	0.778456594402713	0.0508699843246586
MA0692.1	31397	0.793313582793467	0.0590739171656002
MA0694.1	31397	0.767010901841994	0.0516675229137296
MA0695.1	31397	0.794773913888993	0.0490254945899328
MA0696.1	31397	0.74923060795424	0.0513137748393847
MA0697.1	31397	0.761878136482835	0.0504625113084284
MA0698.1	31397	0.764455785916461	0.0524405189209218
MA0699.1	31397	0.814805953186995	0.0662858470569312
MA0704.1	31397	0.815280195978845	0.0734918341422052
MA0705.1	31397	0.832661532802941	0.0683907484285308
MA0706.1	31397	0.807978718673116	0.0666107080920339
MA0707.1	31397	0.824223336239657	0.067926300245488
MA0708.1	31397	0.800463811720395	0.0791146425878902
MA0709.1	31397	0.803814443350787	0.082894333041254
MA0710.1	31397	0.812210382290709	0.0705920875527765
MA0124.2	31397	0.800457095963491	0.0564716337365517
MA0711.1	31397	0.822063230537869	0.0601298098251625
MA0132.2	31397	0.819396029339916	0.0804178297726137
MA0713.1	31397	0.731996466991339	0.0766896888116501
MA0714.1	31397	0.816795661847702	0.0609751454550734
MA0715.1	31397	0.696715363608354	0.0850638915229298
MA0716.1	31397	0.807280026087273	0.0848857086455523
MA0717.1	31397	0.82107207524958	0.0769515902319864
MA0718.1	31397	0.797111210590786	0.0785663818406868
MA0719.1	31397	0.920016018411523	0.0462743292677115
MA0720.1	31397	0.809612720986739	0.0840007961962586
MA0721.1	31397	0.815495667480034	0.0792390906262103
MA0722.1	31397	0.821311989510327	0.0704816363261828
MA0723.1	31397	0.821975416169039	0.0683667313250858
MA0724.1	31397	0.786718321183158	0.0682187096284451
MA0725.1	31397	0.792960878218089	0.082284658728794
MA0726.1	31397	0.777819041260855	0.0824473961066933
MA0112.3	31397	0.688598824800051	0.0456327352606903
MA0141.3	31397	0.741747681833627	0.0582451228570395
MA0017.2	31397	0.776345962144703	0.055111497018018
MA0113.3	31397	0.697935483023727	0.0508729388589066
MA0727.1	31397	0.694349361289186	0.0509621600479838
MA0728.1	31397	0.684037430030375	0.0464949126503948
MA0729.1	31397	0.668001661921174	0.0433694302599849
MA0730.1	31397	0.686638204787852	0.0438215559967231
MA0731.1	31397	0.643390665523174	0.04779206547466
MA0472.2	31397	0.78341745817606	0.0596775898663732
MA0732.1	31397	0.754458418405329	0.0681505108609109
MA0733.1	31397	0.757443356096997	0.0569476171139013
MA0735.1	31397	0.677327332335804	0.0469830408091734
MA0736.1	31397	0.763546027749266	0.0493974257538102
MA0737.1	31397	0.718839447507288	0.0432262247257927
MA0738.1	31397	0.875218322048974	0.0479213226841767
MA0739.1	31397	0.83613551435904	0.0487566815668769
MA0740.1	31397	0.798419117701248	0.0678314325076864
MA0741.1	31397	0.8477623965491	0.0770142849464098
MA0742.1	31397	0.790387711063448	0.0591708657864097
MA0747.1	31397	0.851031226500868	0.0617559708799526
MA0749.1	31397	0.675858697396649	0.046756670751281
MA0751.1	31397	0.78254571665226	0.0478145508806437
MA0088.2	31397	0.724382916482379	0.0467942249961206
MA0752.1	31397	0.652596019560691	0.0493924549854985
MA0754.1	31397	0.739685990272328	0.0719090762652933
MA0755.1	31397	0.725617213384269	0.0696411991947833
MA0756.1	31397	0.689745839912224	0.0710378044189519
MA0757.1	31397	0.682676596349897	0.0761721405950173
MA0758.1	31397	0.65953644383491	0.0513539873268806
MA0759.1	31397	0.805374429663893	0.0625404646150379
MA0760.1	31397	0.809896519680793	0.0570579148730753
MA0474.2	31397	0.826475956204155	0.0582897592515965
MA0098.3	31397	0.82377046030933	0.0591693690356281
MA0762.1	31397	0.781825877322846	0.0573678243866896
MA0763.1	31397	0.815244951659637	0.0544422096909066
MA0156.2	31397	0.81867612616552	0.0599385729754694
MA0767.1	31397	0.809927595179763	0.0470692476134305
MA0768.1	31397	0.71755413240175	0.0561120600364198
MA0770.1	31397	0.724192667013212	0.0569284863250276
MA0771.1	31397	0.757180479892446	0.0515297207764164
MA0772.1	31397	0.725744993964874	0.0602474634196678
MA0773.1	31397	0.715731732699654	0.0755533416195109
MA0498.2	31397	0.898714469054208	0.0614664944217844
MA0774.1	31397	0.833000795792387	0.0637630985016606
MA0775.1	31397	0.860929172922452	0.0569702887367279
MA0776.1	31397	0.716301969783052	0.0484954117522858
MA0777.1	31397	0.686646229570739	0.0449448682857635
MA0105.4	31397	0.684479154056974	0.0556592251773475
MA0778.1	31397	0.717566462956461	0.0572698003072355
MA0779.1	31397	0.729235576136907	0.0371876344894605
MA0780.1	31397	0.687367032392016	0.0800040042463617
MA0781.1	31397	0.701618404824513	0.0397194925464416
MA0783.1	31397	0.694195267072757	0.0550841849299483
MA0784.1	31397	0.696017323842442	0.0726642276666994
MA0785.1	31397	0.743503132879171	0.0728570443984143
MA0786.1	31397	0.7380790296791	0.0776478244496399
MA0787.1	31397	0.729568378607299	0.0755940750864629
MA0788.1	31397	0.723153715979918	0.0750006128464202
MA0789.1	31397	0.750977022898037	0.078911711133736
MA0790.1	31397	0.686330264817748	0.0792398185280598
MA0791.1	31397	0.667791854317726	0.0768410379619759
MA0792.1	31397	0.775892892184235	0.0755169157653289
MA0793.1	31397	0.762429877484002	0.0703806187346661
MA0794.1	31397	0.733011623924459	0.0471495544663129
MA0600.2	31397	0.693573501362862	0.0552462237964416
MA0795.1	31397	0.727173248805627	0.0549310981664065
MA0796.1	31397	0.667490630939325	0.0584483218619946
MA0797.1	31397	0.703200972756136	0.0540547078419077
MA0799.1	31397	0.742968877815766	0.0500647184159266
MA0510.2	31397	0.687871169466004	0.0546307675266067
MA0511.2	31397	0.802845169316021	0.0526974314481588
MA0800.1	31397	0.756509920401392	0.0502501361508903
MA0801.1	31397	0.825501499486391	0.0532345996405632
MA0802.1	31397	0.770901697359057	0.052753201882694
MA0803.1	31397	0.802204844240572	0.0566404062425763
MA0804.1	31397	0.659054281597135	0.0436291765691728
MA0805.1	31397	0.798723798756974	0.0587618307276495
MA0806.1	31397	0.832351825657331	0.0517406759172086
MA0807.1	31397	0.843314470095853	0.0499830042756031
MA0808.1	31397	0.837201209083714	0.0589147597622279
MA0810.1	31397	0.846520382496764	0.0559245563727777
MA0811.1	31397	0.83082921406808	0.0533846081765454
MA0812.1	31397	0.822113838250453	0.0604478400806132
MA0813.1	31397	0.784840414241264	0.0614968831752745
MA0524.2	31397	0.826879203001966	0.052769024670195
MA0815.1	31397	0.77704683040946	0.0642872424699441
MA0816.1	31397	0.807604333714053	0.058531185328135
MA0461.2	31397	0.795817999089515	0.0516725744152229
MA0464.2	31397	0.778200297992515	0.0663750730652108
MA0817.1	31397	0.73106514093879	0.0570601123415157
MA0818.1	31397	0.765351327672125	0.0528819745897706
MA0819.1	31397	0.78078860804097	0.0510791564143004
MA0820.1	31397	0.832318410691435	0.0535245844026974
MA0821.1	31397	0.717667349731115	0.0552109631098477
MA0822.1	31397	0.698757097548897	0.0569390700949817
MA0823.1	31397	0.773451980431156	0.0689699077068039
MA0058.3	31397	0.78929585110128	0.0679663339846967
MA0825.1	31397	0.801648993919535	0.064788439356802
MA0826.1	31397	0.744582880253593	0.0565903770602731
MA0827.1	31397	0.792335822815744	0.048744887216747
MA0828.1	31397	0.751171025294842	0.0592151357246506
MA0832.1	31397	0.710529015671281	0.0539931649794186
MA0834.1	31397	0.700556622162339	0.0678864588611973
MA0466.2	31397	0.782963631470586	0.0538115387240203
MA0837.1	31397	0.791251058088119	0.0531120766103871
MA0838.1	31397	0.747250787384771	0.0535243057948337
MA0839.1	31397	0.71264619927889	0.0473612654380521
MA0840.1	31397	0.728139033179078	0.0705886357774353
MA0117.2	31397	0.787052917579486	0.0511513640373447
MA0841.1	31397	0.724922032473719	0.0599096882870143
MA0843.1	31397	0.742625501943228	0.0611963453500755
MA0844.1	31397	0.729912700884401	0.0476621534080705
MA0845.1	31397	0.759967688879663	0.0729109917017192
MA0032.2	31397	0.788158791104826	0.0728791112547693
MA0846.1	31397	0.781658791245426	0.0729928997175324
MA0848.1	31397	0.834315607768378	0.0708926076091919
MA0849.1	31397	0.8179312407066	0.0731459890273246
MA0850.1	31397	0.881925014163221	0.0547747616539314
MA0851.1	31397	0.744376303505027	0.0705677870453475
MA0853.1	31397	0.709876843592361	0.0605141360251333
MA0854.1	31397	0.710533075443785	0.0640679301526405
MA0855.1	31397	0.693666646625379	0.0499347099361156
MA0856.1	31397	0.704268388781669	0.0493862810289983
MA0857.1	31397	0.654843634043324	0.0489864541790368
MA0858.1	31397	0.676440612534202	0.0464329247001766
MA0859.1	31397	0.673872560318273	0.0479797173726507
MA0860.1	31397	0.668260334729619	0.0457423253713538
MA0525.2	31397	0.674929402320867	0.0427793701542279
MA0106.3	31397	0.68644569256471	0.0417832955268771
MA0861.1	31397	0.720337531401792	0.0430194076764699
MA0862.1	31397	0.78615186727908	0.0576032378759723
MA0863.1	31397	0.705095888793755	0.0428117343181615
MA0024.3	31397	0.742855849765355	0.0503239733311181
MA0865.1	31397	0.702308872080347	0.0506831515939853
MA0866.1	31397	0.661983590548583	0.0593016539470087
MA0869.1	31397	0.625391436485868	0.0622903879158645
MA0870.1	31397	0.663920218368195	0.0590871656776126
MA0872.1	31397	0.770733412998349	0.066001807760302
MA0028.2	31397	0.781490059320698	0.0672721730586624
MA0873.1	31397	0.752742077641127	0.0562582032593143
MA0874.1	31397	0.701923818927299	0.0603050216605389
MA0875.1	31397	0.839262361414238	0.0740067269600449
MA0876.1	31397	0.848461698835948	0.0712460739440566
MA0879.1	31397	0.814122046111247	0.0739065272479475
MA0880.1	31397	0.83062162339014	0.0760936124587968
MA0881.1	31397	0.833768691239554	0.0730420537496216
MA0882.1	31397	0.830652363444436	0.075139120434264
MA0883.1	31397	0.755401127127551	0.0511843715496731
MA0884.1	31397	0.754427480743866	0.0618187778781976
MA0885.1	31397	0.817246467559889	0.0840762805971238
MA0886.1	31397	0.785907654971996	0.0734312978753711
MA0887.1	31397	0.820492528189122	0.0623259347040801
MA0888.1	31397	0.817650872678178	0.0629635081320023
MA0889.1	31397	0.782304665758275	0.0710729472753056
MA0890.1	31397	0.793286113624957	0.0763389221481425
MA0891.1	31397	0.816764552057619	0.0552752769886532
MA0892.1	31397	0.835281582927687	0.0599188317685799
MA0894.1	31397	0.786959748894423	0.0790716954295036
MA0895.1	31397	0.806022291524201	0.0567055892522681
MA0896.1	31397	0.730443697676702	0.0512510015958507
MA0897.1	31397	0.706992661230783	0.0554157429689598
MA0898.1	31397	0.704331566663879	0.055785263647169
MA0899.1	31397	0.784433265318596	0.0751943658380455
MA0903.1	31397	0.8340985789677	0.0695801501901683
MA0905.1	31397	0.793206927986832	0.0660867861252748
MA0906.1	31397	0.743343882374966	0.0588722663677849
MA0907.1	31397	0.741750963322155	0.0617159273767201
MA0908.1	31397	0.776278052654532	0.0660716195216635
MA0911.1	31397	0.766690753995026	0.0566075327396716
MA0914.1	31397	0.834640584710654	0.0564644910545688
MA0852.2	31397	0.759987937660735	0.0632043087973588
MA0036.3	31397	0.782829525019569	0.0703361647743949
MA1106.1	31397	0.80044946463209	0.0657309651829286
MA0147.3	31397	0.775099238260233	0.063703896627824
MA0100.3	31397	0.836809527618638	0.0615616529031939
MA0104.4	31397	0.756008993345182	0.0621772388889059
MA1109.1	31397	0.794910986745863	0.0532594764276784
MA0161.2	31397	0.80207142920425	0.0634863544009922
MA0060.3	31397	0.79650671703191	0.0709711043481209
MA1110.1	31397	0.765953470547054	0.0566083973466572
MA1111.1	31397	0.788369994592031	0.0625461917980531
MA0014.3	31397	0.787001355854949	0.0535813450921589
MA1114.1	31397	0.731578096987508	0.0529149868001486
MA1115.1	31397	0.767280145016151	0.0781349314097038
MA1116.1	31397	0.85355936152318	0.066082700503344
MA1117.1	31397	0.786673118914165	0.0567197114834479
MA1118.1	31397	0.761249004155842	0.0573981567183931
MA1119.1	31397	0.711366924248392	0.0531886739523563
MA0442.2	31397	0.815811033281423	0.0706652537071128
MA1120.1	31397	0.79612859235091	0.0698179857187445
MA1121.1	31397	0.768537590136222	0.056329813225426
MA1122.1	31397	0.819241493351294	0.0711827226324147
MA0750.2	31397	0.805150146491776	0.0643411506080539
MA0103.3	31397	0.839241685431046	0.0600685111424485
MA1124.1	31397	0.673735621091226	0.0609109626825474
MA1125.1	31397	0.733784278648886	0.117758263448411
MA1154.1	31397	0.715120137965399	0.041259750842719
MA1155.1	31397	0.706962007958133	0.0484392408394275
MA0037.3	31397	0.829389774409548	0.064214582148148
MA0099.3	31397	0.779788209038944	0.0621201170948773
MA1126.1	31397	0.724830631446265	0.0567316393464941
MA1127.1	31397	0.726195890063804	0.0683093895568482
MA1128.1	31397	0.769114593359474	0.0612897455583434
MA1129.1	31397	0.737707528237995	0.067022449160412
MA1130.1	31397	0.774741978269427	0.0623080921172109
MA1131.1	31397	0.751046829582412	0.067028346462425
MA1132.1	31397	0.790509067017926	0.0563528204285649
MA1133.1	31397	0.745329812568693	0.0631419064369709
MA1134.1	31397	0.758814085942509	0.0621369160379115
MA1135.1	31397	0.772337654691194	0.0639519240798428
MA1136.1	31397	0.754348934694627	0.0646326838634936
MA1137.1	31397	0.767588842966062	0.0590337978201354
MA1138.1	31397	0.766296257086345	0.0661056790905089
MA1139.1	31397	0.720702101291071	0.0705645015181341
MA1141.1	31397	0.760661799276251	0.0608450916276968
MA1142.1	31397	0.804061859699732	0.0583093774092079
MA1143.1	31397	0.78512032773547	0.0610605819592094
MA1144.1	31397	0.768515201998607	0.0638313222656026
MA1145.1	31397	0.73129222276954	0.0648637440265341
MA1146.1	31397	0.734069262997514	0.0398765658459178
MA1147.1	31397	0.749360225226408	0.0397908422592195
MA1148.1	31397	0.736468333528809	0.0397119680787094
MA1149.1	31397	0.767675711387945	0.0404245263019459
MA1150.1	31397	0.798339972403322	0.051542067818382
MA1151.1	31397	0.805020702779464	0.0476816357409457
MA1152.1	31397	0.83098825864595	0.0703475078509675
MA0831.2	31397	0.822748828988381	0.0628822145560394
MA0693.2	31397	0.845765556995236	0.0568425508318444
MA1153.1	31397	0.828240229253763	0.0610294586925677
MA1418.1	31397	0.676066541331502	0.0497143488169133
MA1419.1	31397	0.673412638942404	0.0502354156243779
MA1420.1	31397	0.72168583251506	0.0445918329821112
MA1421.1	31397	0.741002352206164	0.0553921399792143
MA1463.1	31397	0.73205180866704	0.0852188914883548
MA1464.1	31397	0.771007678999628	0.0685391732712851
MA1466.1	31397	0.711232580123158	0.0488317624771045
MA1467.1	31397	0.803101950382978	0.0526661638982689
MA1468.1	31397	0.826015775594725	0.0436874576511365
MA1101.2	31397	0.682022188350677	0.0519144468870867
MA1470.1	31397	0.671641087041348	0.0476179088443918
MA1471.1	31397	0.772890317860507	0.076535365862754
MA1472.1	31397	0.847864315605688	0.0507875545884515
MA1473.1	31397	0.757132174649514	0.0682089979733716
MA1474.1	31397	0.770377853141339	0.0509485449845527
MA1475.1	31397	0.756140844467171	0.0609182140591653
MA1476.1	31397	0.788692668474777	0.0898116535576765
MA1478.1	31397	0.779292340050854	0.0545589410019967
MA1479.1	31397	0.748419709532518	0.0568084749375514
MA1480.1	31397	0.771277585943014	0.0578118537784972
MA1481.1	31397	0.819643091802909	0.0786539417241895
MA1483.1	31397	0.767027165899767	0.0596995629886218
MA1484.1	31397	0.826573762431757	0.0589009490074479
MA1485.1	31397	0.743392807398117	0.0497796854656604
MA1487.1	31397	0.743238995343826	0.0633507115970438
MA1489.1	31397	0.728477243048699	0.0866172040453507
MA1491.1	31397	0.756938356646728	0.0476349292207466
MA1493.1	31397	0.774961631561839	0.0480659635572872
MA1494.1	31397	0.70208221065385	0.04745833581039
MA1495.1	31397	0.835911565805098	0.0677937039032262
MA1496.1	31397	0.867738506051932	0.0529245379797096
MA1497.1	31397	0.817286967536615	0.0573168536334347
MA1498.1	31397	0.840847245946559	0.066254100900285
MA1499.1	31397	0.81738098584145	0.0762404228584954
MA1500.1	31397	0.85846731186946	0.0562052538197636
MA1501.1	31397	0.807469263860956	0.0523766135476649
MA1502.1	31397	0.830321008304944	0.070305715869716
MA1503.1	31397	0.755565444056572	0.0629004483570872
MA1504.1	31397	0.844869744387276	0.0747644890800538
MA1505.1	31397	0.839555902628111	0.0633422030005162
MA1506.1	31397	0.742899696307151	0.0582156636687618
MA1507.1	31397	0.837752715283854	0.0754912587816132
MA1508.1	31397	0.802525635474703	0.0598414373098468
MA1509.1	31397	0.762512718984315	0.0518352617300899
MA1511.1	31397	0.840962551195008	0.0655614977381789
MA1512.1	31397	0.843228555163819	0.0717716956053632
MA1513.1	31397	0.826342155117216	0.111385233305061
MA1514.1	31397	0.756913994350627	0.0552842738470214
MA1515.1	31397	0.870470929891314	0.0728171750374107
MA1516.1	31397	0.821063411031994	0.0697078570609713
MA1517.1	31397	0.857712172705819	0.0680965890288753
MA1518.1	31397	0.853412882835052	0.0674882948601782
MA1519.1	31397	0.790153977497204	0.0817418994551477
MA1520.1	31397	0.727131436268947	0.0446018991944789
MA1521.1	31397	0.736042824727252	0.0446503966245767
MA1522.1	31397	0.843387106087917	0.0858237407802042
MA1523.1	31397	0.819533751283631	0.0518870788569959
MA1524.1	31397	0.811904004391928	0.0531257859842802
MA1525.1	31397	0.828416680151326	0.0576842404779924
MA1527.1	31397	0.713537633649007	0.0553357433794999
MA1528.1	31397	0.727024250053283	0.0545951532612954
MA1529.1	31397	0.70983956418192	0.0509617747213652
MA1530.1	31397	0.821049176634661	0.0646199845900756
MA1531.1	31397	0.747753999536681	0.042142356151533
MA1532.1	31397	0.778145267637843	0.03817103167598
MA1533.1	31397	0.76283736852545	0.0368110500263491
MA1534.1	31397	0.812512469512488	0.0580899895475085
MA1535.1	31397	0.87572278404011	0.0572522811542246
MA1536.1	31397	0.921130989698459	0.0419547922329355
MA1537.1	31397	0.729047755230995	0.0457246894782763
MA1538.1	31397	0.710787026001486	0.0453208476369131
MA1539.1	31397	0.695404954104066	0.0462890424100201
MA1540.1	31397	0.817501731636988	0.0516029744546514
MA1541.1	31397	0.723060218351513	0.0446108902558434
MA1542.1	31397	0.810228217535999	0.0497700993224354
MA1544.1	31397	0.718781014031757	0.0515583279097741
MA1545.1	31397	0.759284492500839	0.0507040700194591
MA1546.1	31397	0.728440068667724	0.040089722938037
MA1547.1	31397	0.803212577611311	0.0720386686713144
MA1548.1	31397	0.805706324632353	0.0736145500029734
MA1549.1	31397	0.801320277114164	0.063063507665225
MA1550.1	31397	0.728343506083104	0.045647727969872
MA1552.1	31397	0.730380383124489	0.0430421039722264
MA1553.1	31397	0.716063541715481	0.0441452120191279
MA1554.1	31397	0.864008153240087	0.0423287700532835
MA1555.1	31397	0.738191366178503	0.0447965240606612
MA1556.1	31397	0.734086146877043	0.0469692984045211
MA1557.1	31397	0.75718871589411	0.0497412731435254
MA1558.1	31397	0.842977432727886	0.0552513481329423
MA1559.1	31397	0.803923010172161	0.0547305949320772
MA1560.1	31397	0.771932397945849	0.0658030239550262
MA1561.1	31397	0.738076026400526	0.0535886071040621
MA1562.1	31397	0.749513360815388	0.058364779135188
MA1563.1	31397	0.901098342177476	0.0375827573823485
MA1564.1	31397	0.84315494824044	0.0764538445256864
MA1565.1	31397	0.786532926696585	0.0481006998347784
MA1566.1	31397	0.857648046163386	0.0446006574423862
MA1567.1	31397	0.826434283606374	0.0477022768797573
MA1568.1	31397	0.787818793345195	0.0413615889247245
MA1569.1	31397	0.841505289258707	0.0706387794880767
MA1570.1	31397	0.832284315270774	0.0528304165226719
MA1571.1	31397	0.723369424573712	0.0499655425796202
MA1572.1	31397	0.731015294442916	0.0498248581396139
MA1573.1	31397	0.6871074830666	0.0597462258426769
MA1574.1	31397	0.775968408814917	0.0415287942639726
MA1575.1	31397	0.713997201875959	0.0436363193807277
MA1576.1	31397	0.717027670926013	0.0389694319755532
MA1577.1	31397	0.793058669432341	0.0923951279323731
MA1578.1	31397	0.837926202253032	0.0716669316999391
MA1579.1	31397	0.795641619104263	0.0606854796785691
MA1580.1	31397	0.746958201813137	0.064419632058876
MA1581.1	31397	0.793942966969038	0.0539559149944733
MA1583.1	31397	0.790099826446548	0.0601482215338208
MA1584.1	31397	0.75001191898645	0.0528327608635494
MA1585.1	31397	0.763319678065568	0.0546128357713843
MA1587.1	31397	0.750331920955137	0.0478630382336292
MA1588.1	31397	0.701712667723733	0.0483578863418531
MA1589.1	31397	0.66320088380918	0.0382645013981852
MA1592.1	31397	0.753474054882927	0.0440413237275946
MA1593.1	31397	0.77105887603657	0.0568338559720077
MA1594.1	31397	0.661443283906175	0.0360213987865732
MA1596.1	31397	0.7382581007083	0.0612752057459685
MA1597.1	31397	0.681592473380131	0.0442415418507278
MA1599.1	31397	0.738621319238944	0.0585077267083517
MA1600.1	31397	0.707261651626661	0.0396235457547792
MA1601.1	31397	0.80307491158447	0.0596642456997763
MA1602.1	31397	0.760708512245935	0.048642538069409
MA1603.1	31397	0.72612518662238	0.0628897710423517
MA1604.1	31397	0.765819656614504	0.0586188195397689
MA1606.1	31397	0.773262261191234	0.080176859330655
MA1607.1	31397	0.737282729752148	0.0752084187744246
MA1608.1	31397	0.784296951785857	0.0657720325794175
MA1615.1	31397	0.790023005224058	0.0635493035507625
MA1616.1	31397	0.745489009394773	0.0488934998940134
MA1618.1	31397	0.78636186086714	0.058517102986996
MA1619.1	31397	0.793959128776754	0.0631057153511269
MA1620.1	31397	0.799224811769233	0.0570103370339558
MA1621.1	31397	0.797936464981385	0.0547969753046064
MA1622.1	31397	0.756641687556117	0.0688630295912549
MA1623.1	31397	0.750129318567889	0.0739412891213012
MA1624.1	31397	0.772191871856659	0.0645757316861698
MA1625.1	31397	0.756637959218402	0.0663914740713907
MA1627.1	31397	0.799456776992846	0.0696236889669191
MA1628.1	31397	0.840597541295141	0.0597231591951836
MA1629.1	31397	0.777799535917028	0.0537529519017712
MA1630.1	31397	0.78475231353816	0.0707084462417996
MA1100.2	31397	0.844865782958957	0.0550453950265267
MA0605.2	31397	0.709523750025032	0.0718606170177809
MA0877.2	31397	0.852732119287962	0.0558265869820851
MA0462.2	31397	0.757272772153981	0.0700491662800131
MA0463.2	31397	0.715365083771886	0.0467322381759352
MA0878.2	31397	0.748833889435375	0.0665988937954685
MA0864.2	31397	0.729080641966246	0.0463255905636021
MA0469.3	31397	0.665013311225708	0.0451207088041296
MA0470.2	31397	0.720248101432684	0.0477730874346228
MA0612.2	31397	0.796489602739551	0.0765705760213159
MA0847.2	31397	0.780926387848707	0.0631160597418287
MA0766.2	31397	0.815481812003752	0.0613411638407094
MA0038.2	31397	0.768031697566337	0.0546048137406643
MA0734.2	31397	0.739114533443457	0.0481828715899558
MA0893.2	31397	0.86139572302991	0.0600055624248162
MA1099.2	31397	0.821243708548005	0.0728730424673001
MA0616.2	31397	0.775260054772413	0.0719557720724933
MA0650.2	31397	0.760003873816238	0.0623216542743526
MA0900.2	31397	0.794269352201706	0.0794564028055966
MA0158.2	31397	0.832110376053943	0.0630508884841905
MA0594.2	31397	0.831927389805845	0.0501646078245453
MA0902.2	31397	0.839333247108281	0.0689524413154815
MA0904.2	31397	0.819587489875251	0.068155772006389
MA0485.2	31397	0.744822257766169	0.0644504431285556
MA0909.2	31397	0.780902847855051	0.0527023520085952
MA0912.2	31397	0.784096691388189	0.0698698812905057
MA0910.2	31397	0.826466612127271	0.0685943981037396
MA0913.2	31397	0.774970053393189	0.0748495542258799
MA1140.2	31397	0.691491365758311	0.0668477607831692
MA0701.2	31397	0.792543427086914	0.0773354640921253
MA0702.2	31397	0.752661921269599	0.0885635584969216
MA0703.2	31397	0.698125481003732	0.0940081671662251
MA0623.2	31397	0.763129055389811	0.0537457841172033
MA0842.2	31397	0.752981438071318	0.0516567787564104
MA0682.2	31397	0.807540663651294	0.0676442148712126
MA0075.3	31397	0.769598281144301	0.0881355112542994
MA0867.2	31397	0.832417495352425	0.0638095183288546
MA0868.2	31397	0.796621039061525	0.0657164619537366
MA0079.4	31397	0.792958600687823	0.0733186534637598
MA0516.2	31397	0.769475326776409	0.0633441433535432
MA0746.2	31397	0.830992263753561	0.075585691714378
MA0632.2	31397	0.807663171807988	0.0721102650671724
MA0871.2	31397	0.764628503195827	0.0658081424166203
MA0753.2	31397	0.776027396040556	0.0781583723739941
MA0122.3	31397	0.742751870648668	0.0629607511536641
MA1631.1	31397	0.806965438366082	0.0590228973926317
MA1632.1	31397	0.749136650569996	0.0696794024212876
MA1633.1	31397	0.737493711154242	0.0575142295720108
MA1634.1	31397	0.758745349876833	0.0705220462367728
MA1635.1	31397	0.820673114450199	0.0762153008392657
MA1636.1	31397	0.730958252380499	0.0584415381936735
MA1637.1	31397	0.765129756541045	0.0604318931611814
MA1638.1	31397	0.833384669425115	0.0599174328221947
MA1639.1	31397	0.74868193055871	0.0673302626920016
MA1640.1	31397	0.718658858086778	0.0695062483894903
MA1641.1	31397	0.786323521246466	0.062543992003749
MA1642.1	31397	0.801427823251837	0.0561220640149906
MA1643.1	31397	0.68267967199264	0.0493181988630708
MA1644.1	31397	0.794097593538678	0.0724706110093684
MA1645.1	31397	0.785209727510015	0.0523329297658876
MA1646.1	31397	0.812305298472075	0.0573398445104009
MA1647.1	31397	0.810167542735216	0.0606150915461046
MA1648.1	31397	0.838370899650373	0.0625950466212618
MA1649.1	31397	0.810415940955836	0.0618313001318671
MA1650.1	31397	0.79056853656595	0.0783409868875684
MA1651.1	31397	0.704915262665115	0.0541599798305901
MA1652.1	31397	0.791861889187756	0.0560715113984818
MA1653.1	31397	0.817194537023851	0.0886896855637317
MA1654.1	31397	0.68042204896192	0.0356597321218158
MA1655.1	31397	0.793519529963163	0.0553868034673112
MA1656.1	31397	0.772004047343725	0.0544994962308115
MA1657.1	31397	0.732715837310009	0.0648746274372096
MA1683.1	31397	0.776615991406273	0.0757359972045979
MA0833.2	31397	0.732921648342621	0.0591334745351259
MA0835.2	31397	0.757490803393085	0.0688429246351697
MA0465.2	31397	0.747669259165784	0.0740494288154161
MA0102.4	31397	0.730124619650165	0.0606948160294357
MA0836.2	31397	0.744252213453623	0.0617213984338859
MA0018.4	31397	0.756532210777204	0.0765269512738375
MA1102.2	31397	0.807635170576033	0.071744592712718
MA0471.2	31397	0.822107674573368	0.0651982351018359
MA0154.4	31397	0.749179962694228	0.0551361508443513
MA0162.4	31397	0.783973450722086	0.0787275216091672
MA0598.3	31397	0.776566685352735	0.0593012448282433
MA0473.3	31397	0.780639720980026	0.0591348794273848
MA0640.2	31397	0.793090076081155	0.0576825192904572
MA0592.3	31397	0.746402116442454	0.0566618918539056
MA0761.2	31397	0.787091900938236	0.0598805289990964
MA0764.2	31397	0.853165021168673	0.0671430069376857
MA0765.2	31397	0.828918110115218	0.0630953434451585
MA0477.2	31397	0.74858608179743	0.0671500168212674
MA0148.4	31397	0.750076599808919	0.073365660082572
MA0047.3	31397	0.773457857884891	0.075537181156246
MA1103.2	31397	0.77419777887339	0.0763497928502856
MA0481.3	31397	0.778726081678927	0.0770411032097726
MA0062.3	31397	0.780002253167917	0.0585670993100279
MA0035.4	31397	0.774725090933612	0.0673135707691204
MA0482.2	31397	0.76944999766648	0.062778646099796
MA1104.2	31397	0.74416225857492	0.0682143486601446
MA1105.2	31397	0.754120614034673	0.0588837859114238
MA0043.3	31397	0.740293256750504	0.0650971322438601
MA0114.4	31397	0.749510678379438	0.0589704429022431
MA0484.2	31397	0.754920361200819	0.0579060096785624
MA0901.2	31397	0.724697811523595	0.0825172393647534
MA0490.2	31397	0.733769098893179	0.0688599746331364
MA0491.2	31397	0.737328633038677	0.067758092930361
MA0039.4	31397	0.849748643271452	0.0798466730494876
MA1107.2	31397	0.770451540134486	0.0677710141793371
MA0700.2	31397	0.762826194488366	0.0801942503268526
MA0495.3	31397	0.715518019146832	0.0558184798185495
MA0659.2	31397	0.721826837814102	0.0540820715478684
MA0496.3	31397	0.716181758437669	0.0548128031338034
MA0052.4	31397	0.721574341704778	0.0771222123705425
MA0620.3	31397	0.72237415092322	0.0589492068292868
MA1108.2	31397	0.829954569865506	0.0693454785451325
MA0499.2	31397	0.795230790476593	0.0536657917647935
MA0500.2	31397	0.791403853422143	0.0709676780480755
MA0056.2	31397	0.785007163940423	0.0532505830493922
MA0089.2	31397	0.713561697405201	0.0522287063697169
MA0025.2	31397	0.736367506742409	0.0709055908447623
MA0502.2	31397	0.777962310542059	0.0642153432782207
MA0063.2	31397	0.802855973283646	0.0607810864512053
MA1112.2	31397	0.785746598447864	0.0630099714434003
MA0679.2	31397	0.677198097314181	0.0805216542690827
MA0712.2	31397	0.784255865172605	0.0640822781322131
MA1113.2	31397	0.727287337361367	0.0741124070980009
MA0681.2	31397	0.655796516693231	0.0916289656577595
MA0782.2	31397	0.743256279289457	0.0577193877600276
MA0627.2	31397	0.727610119367104	0.0772338025993197
MA0508.3	31397	0.812692278856553	0.0664005005463426
MA0509.2	31397	0.749904471443258	0.0563402758327989
MA0798.2	31397	0.749139267301076	0.0550369808498591
MA0684.2	31397	0.791660619517914	0.0598586905372781
MA0743.2	31397	0.732199739371202	0.05085550569398
MA0744.2	31397	0.736713748208788	0.0502359447968483
MA0745.2	31397	0.780438376699884	0.0549701596442605
MA0143.4	31397	0.791085878408673	0.0683230195365065
MA0080.5	31397	0.723777978880516	0.05390335330988
MA0081.2	31397	0.751810294907524	0.0525012877227318
MA0829.2	31397	0.737979568589507	0.0559783185609175
MA0522.3	31397	0.839035285705852	0.0614753412441421
MA0830.2	31397	0.805238418575331	0.0588192291033207
MA0769.2	31397	0.795421736424112	0.0678423029985871
MA0090.3	31397	0.759461827789281	0.057749951865598
MA0809.2	31397	0.778239626228383	0.0585865383113367
MA0003.4	31397	0.78328001290164	0.0612939168874599
MA0814.2	31397	0.79104972437834	0.0638818888040939
MA1123.2	31397	0.785329522679904	0.056990610409574
MA0093.3	31397	0.743042722973799	0.0583974557613333
MA0526.3	31397	0.74225218104391	0.0595212289049066
MA0748.2	31397	0.791142185517714	0.0664869684184956
MA0528.2	31397	0.823002214257396	0.0710545610486473
MA0609.2	31397	0.701495104155924	0.0668509333913733
