[SHORT TFBS MATRIX]
MA0004.1	31520	0.884152542535359	0.067087218289333
MA0006.1	31520	0.932605228769481	0.0548781818616009
MA0019.1	31520	0.85085580092223	0.0371255192847378
MA0029.1	31520	0.796524949266484	0.044768788475804
MA0030.1	31520	0.824919801555652	0.0460372971693626
MA0031.1	31520	0.886444355276068	0.0518049410926493
MA0040.1	31520	0.860411051574581	0.0483369170029957
MA0051.1	31520	0.786108465476573	0.039171211358022
MA0059.1	31520	0.824139948138014	0.0481527936051245
MA0066.1	31520	0.764869549106813	0.0308606006735067
MA0069.1	31520	0.795477866449633	0.0350099167789074
MA0070.1	31520	0.827061016772152	0.0434141632366276
MA0071.1	31520	0.866791202573416	0.0494745817080821
MA0072.1	31520	0.806326432548374	0.0450492036293085
MA0073.1	31520	0.828909131096891	0.0480097633604131
MA0074.1	31520	0.782616924522369	0.0371981816062516
MA0077.1	31520	0.883576111711342	0.042170570250697
MA0084.1	31520	0.922255639363235	0.0386963824531864
MA0091.1	31520	0.849258806704828	0.0433424177225132
MA0092.1	31520	0.907990978679306	0.0331515688424464
MA0101.1	31520	0.890463627890926	0.0389424237817127
MA0107.1	31520	0.849280240141143	0.0473263599537572
MA0108.2	31520	0.861577596944853	0.040789942382513
MA0111.1	31520	0.883834365966046	0.0287922083070345
MA0115.1	31520	0.709426374948959	0.0424583554045901
MA0116.1	31520	0.84227385569393	0.0400479975184094
MA0119.1	31520	0.760680951106134	0.0468768136660881
MA0125.1	31520	0.90381534054995	0.0491549244754908
MA0130.1	31520	0.98242776920199	0.0244094011831686
MA0135.1	31520	0.83238009105924	0.0528421031109582
MA0139.1	31520	0.793208847855514	0.0422855643195604
MA0142.1	31520	0.793334529394156	0.0431449825976943
MA0149.1	31520	0.716407656695071	0.0586951452266975
MA0138.2	31520	0.707197168044437	0.0380148294909304
MA0002.2	31520	0.883397265775759	0.0380151120675203
MA0065.2	31520	0.830254981350303	0.034234514343448
MA0151.1	31520	0.960237987508975	0.0560876127933185
MA0155.1	31520	0.867940511677565	0.0373960946046352
MA0159.1	31520	0.816714434000891	0.0323185446770588
MA0163.1	31520	0.808523667612337	0.0455934506726906
MA0164.1	31520	0.880622615814573	0.061097363674757
MA0259.1	31520	0.907006615196457	0.0552250626935099
MA0145.2	31520	0.8514709494455	0.0369283130626339
MA0146.2	31520	0.855942547859159	0.0549384043005692
MA0468.1	31520	0.843827841628829	0.0458835293466073
MA0476.1	31520	0.861190133305316	0.0506106440829655
MA0478.1	31520	0.858698759326121	0.0494435870636602
MA0479.1	31520	0.864160635472336	0.0460229372358401
MA0483.1	31520	0.871696324909399	0.0411505119083934
MA0488.1	31520	0.827643596544729	0.0474302757335711
MA0492.1	31520	0.827621935358824	0.0462925941123842
MA0494.1	31520	0.815948669792673	0.0304385523825087
MA0497.1	31520	0.849250138678395	0.0441648531902081
MA0501.1	31520	0.780065989165223	0.0430706169004073
MA0504.1	31520	0.838906776386391	0.0353564298427554
MA0515.1	31520	0.902751848105444	0.0430441236561814
MA0517.1	31520	0.821566911339289	0.0424819920851256
MA0518.1	31520	0.866170239495243	0.0415021477501574
MA0519.1	31520	0.88296185371305	0.0424896051750142
MA0520.1	31520	0.849711378314696	0.0429936236074689
MA0523.1	31520	0.854025694672282	0.0391594905196615
MA0527.1	31520	0.779454737094636	0.0489150957753445
MA0076.2	31520	0.867737100564249	0.0487984148526609
MA0258.2	31520	0.82570653172867	0.0381252489094122
MA0150.2	31520	0.776681802719952	0.0421566209998978
MA0137.3	31520	0.864619542457295	0.0458449882710991
MA0144.2	31520	0.890748295938252	0.0415641850702705
MA0140.2	31520	0.800838295545997	0.0420399937500848
MA0591.1	31520	0.790478976824326	0.0420886734865018
MA0593.1	31520	0.879056254268918	0.0489124389164548
MA0595.1	31520	0.873375200264274	0.0418857726363366
MA0596.1	31520	0.85914354036651	0.0429893077249812
MA0599.1	31520	0.939655884805094	0.0522737154350138
MA0601.1	31520	0.862726822610258	0.0593449943748024
MA0602.1	31520	0.833765381537787	0.0531332207178969
MA0603.1	31520	0.842295077396834	0.0545851547627928
MA0604.1	31520	0.860006050400268	0.0515460569272415
MA0608.1	31520	0.854085016562999	0.0488423375861391
MA0610.1	31520	0.841428056771328	0.0515062371502185
MA0613.1	31520	0.884047405330041	0.0587852818942649
MA0614.1	31520	0.908286307567472	0.0507801545325919
MA0615.1	31520	0.829007409378961	0.0406789844478411
MA0618.1	31520	0.895251828738006	0.0504072512901794
MA0619.1	31520	0.913325125418346	0.0597383859375983
MA0621.1	31520	0.832408654709592	0.0701649137272515
MA0622.1	31520	0.855765644242831	0.0608086605378426
MA0626.1	31520	0.87547013329902	0.047790892334942
MA0628.1	31520	0.831568517368922	0.0617260605315144
MA0629.1	31520	0.825635454175886	0.0350026398404092
MA0630.1	31520	0.911329453720395	0.0552329246675627
MA0631.1	31520	0.765899667116855	0.0402143799334419
MA0634.1	31520	0.881205694427438	0.0503475337040002
MA0007.3	31520	0.753429407605715	0.0412180670287331
MA0635.1	31520	0.901380911819488	0.0367853550493179
MA0636.1	31520	0.796173515486829	0.0535262368467944
MA0638.1	31520	0.779047511275352	0.0414584229437157
MA0639.1	31520	0.823668873036378	0.0492113700573922
MA0641.1	31520	0.799110186793235	0.0487790829001998
MA0027.2	31520	0.910759607257088	0.049160313028393
MA0643.1	31520	0.856163708807421	0.0477437933493621
MA0645.1	31520	0.869487918450636	0.0475801780268293
MA0475.2	31520	0.849849124740789	0.0479396430430983
MA0042.2	31520	0.901169338653515	0.0524950629885108
MA0033.2	31520	0.935524612938159	0.0495593474696981
MA0646.1	31520	0.823263118007503	0.0388122128631502
MA0647.1	31520	0.791288878885781	0.0456389597755589
MA0648.1	31520	0.874455155833765	0.0482457251116797
MA0649.1	31520	0.832497504222628	0.0509081116701559
MA0131.2	31520	0.821389807467183	0.0498748345955914
MA0046.2	31520	0.785481825102161	0.0529406157812553
MA0153.2	31520	0.775488919128612	0.0532650291763954
MA0486.2	31520	0.779466969775039	0.049880335395791
MA0652.1	31520	0.745895379839525	0.0417426869443146
MA0653.1	31520	0.724217051150111	0.0431276414475109
MA0654.1	31520	0.896390505994945	0.063570814453128
MA0655.1	31520	0.814136967882334	0.0540225646513379
MA0656.1	31520	0.768520904966308	0.055881943341119
MA0657.1	31520	0.754904032477709	0.0421881211943248
MA0658.1	31520	0.852286888478992	0.0509819054985607
MA0660.1	31520	0.796588865066984	0.0523614619507643
MA0661.1	31520	0.879223725893562	0.0485584849991196
MA0662.1	31520	0.904301279786175	0.0500855454022025
MA0663.1	31520	0.797642680722568	0.0511707575053751
MA0664.1	31520	0.823739842545329	0.0496285048677547
MA0665.1	31520	0.83954040216454	0.0428986374487812
MA0667.1	31520	0.829017313071883	0.0467944732505845
MA0669.1	31520	0.831895882652558	0.0448953873598157
MA0670.1	31520	0.880511529607698	0.0666159846987399
MA0671.1	31520	0.950702061758938	0.0291872484586591
MA0048.2	31520	0.846012220995822	0.0492732521140598
MA0672.1	31520	0.897209605926637	0.0412427584938745
MA0673.1	31520	0.922339992673209	0.0333725589752043
MA0674.1	31520	0.914272591490256	0.050678225775289
MA0675.1	31520	0.922817053579058	0.0497441288497751
MA0676.1	31520	0.879392102130834	0.0445921664538811
MA0677.1	31520	0.774712439784733	0.0430076054358153
MA0678.1	31520	0.836912752350547	0.0460302358183678
MA0068.2	31520	0.864257560536366	0.052840370104392
MA0683.1	31520	0.736450607976847	0.0508841408750931
MA0512.2	31520	0.755388847375519	0.0445828479711217
MA0686.1	31520	0.822705404584462	0.0429174514355269
MA0687.1	31520	0.83264916709186	0.0375462416960619
MA0083.3	31520	0.720933549179539	0.044096975033565
MA0009.2	31520	0.73350564211385	0.0402793282657202
MA0688.1	31520	0.851240485816658	0.04018124961569
MA0689.1	31520	0.833587278068855	0.0408835697669802
MA0691.1	31520	0.830257651241018	0.0512021175427072
MA0692.1	31520	0.848875692128611	0.0483366166736303
MA0694.1	31520	0.811370995211677	0.0427881372350154
MA0695.1	31520	0.837335481789351	0.0384800821766492
MA0696.1	31520	0.781704707407124	0.0436313945160444
MA0698.1	31520	0.828831358311802	0.0447716511513613
MA0699.1	31520	0.888581198831229	0.0472733071404717
MA0704.1	31520	0.900100389488045	0.0486246180271021
MA0705.1	31520	0.906380041599205	0.0490622021044466
MA0706.1	31520	0.886961198564711	0.0469272966632734
MA0709.1	31520	0.896857635642846	0.0602855797154422
MA0710.1	31520	0.895686441257551	0.0470337362189667
MA0124.2	31520	0.869740288062595	0.0445579050467067
MA0711.1	31520	0.899629933950986	0.0520999083471653
MA0132.2	31520	0.917761196079999	0.0569760722386408
MA0713.1	31520	0.826648725504763	0.0542631055122336
MA0714.1	31520	0.894938380243155	0.0502009448108729
MA0715.1	31520	0.804494012981212	0.0599755401686103
MA0716.1	31520	0.903769699467683	0.0572015783447461
MA0717.1	31520	0.907719303444289	0.0534711424078762
MA0718.1	31520	0.886098008557474	0.0521257125438249
MA0719.1	31520	0.970528530467146	0.0232799128205899
MA0720.1	31520	0.904306721608501	0.0577013969836944
MA0721.1	31520	0.906518317099024	0.0546536774574912
MA0722.1	31520	0.905531548106281	0.0494875294385809
MA0724.1	31520	0.867347060557255	0.0495902471781089
MA0725.1	31520	0.890156654687573	0.058211600408939
MA0726.1	31520	0.874995471380031	0.059763274689247
MA0112.3	31520	0.738698547956477	0.0412296157579973
MA0141.3	31520	0.816450203730263	0.0520891022369528
MA0017.2	31520	0.838949271363856	0.0473847110270457
MA0113.3	31520	0.759243515103729	0.0430044592515646
MA0727.1	31520	0.755098717462843	0.043090705448038
MA0728.1	31520	0.742555023713182	0.0447393931046177
MA0729.1	31520	0.725068665524819	0.0408430251569744
MA0730.1	31520	0.736958895802867	0.0395491554242985
MA0731.1	31520	0.70575983491412	0.0414662521106866
MA0472.2	31520	0.816526401834532	0.0483274613049638
MA0732.1	31520	0.790472875566171	0.0546295192950443
MA0733.1	31520	0.792791416476456	0.0443342682582567
MA0735.1	31520	0.714375255351498	0.0407484460898326
MA0736.1	31520	0.795611780211158	0.040906109475017
MA0737.1	31520	0.7570430535351	0.0383035907502986
MA0738.1	31520	0.92286506556181	0.0349674477276409
MA0739.1	31520	0.888485164839209	0.0399823053996966
MA0741.1	31520	0.886688618655246	0.058410057654198
MA0747.1	31520	0.885329843529021	0.0472428146250315
MA0749.1	31520	0.726412732371253	0.0392900355133049
MA0751.1	31520	0.812463400024738	0.0401091632048795
MA0088.2	31520	0.771685420500448	0.040150030904709
MA0752.1	31520	0.715622149052316	0.042256878455452
MA0755.1	31520	0.811045480112339	0.0528936707043366
MA0757.1	31520	0.784280007981132	0.056640165033183
MA0758.1	31520	0.717381820014465	0.0453226549436233
MA0760.1	31520	0.850884618403043	0.0457003957705171
MA0098.3	31520	0.866488624336561	0.0455302945097209
MA0762.1	31520	0.83050020739297	0.0440012907099468
MA0763.1	31520	0.854714248394377	0.0427948069664459
MA0767.1	31520	0.853767247517918	0.0385688110093863
MA0770.1	31520	0.79306147968119	0.0481942188780628
MA0771.1	31520	0.816900397856181	0.0452871491866025
MA0772.1	31520	0.799547498577741	0.0428992118198373
MA0773.1	31520	0.809390735419811	0.0535250067057819
MA0498.2	31520	0.964614283568355	0.0362761206522379
MA0774.1	31520	0.899950438432603	0.0491104938116289
MA0775.1	31520	0.923619225229807	0.0424035940814733
MA0776.1	31520	0.773427454578466	0.0409735326047235
MA0777.1	31520	0.738653159738765	0.0383731237455973
MA0105.4	31520	0.735403182043443	0.0500050018865832
MA0778.1	31520	0.768934894325749	0.0506166214272624
MA0779.1	31520	0.764189914079766	0.0327311326104252
MA0780.1	31520	0.787423539071661	0.0599276808339812
MA0781.1	31520	0.738771526933664	0.0349774692725157
MA0783.1	31520	0.758405792991226	0.0482940872982046
MA0785.1	31520	0.832715269212439	0.0519923049294072
MA0786.1	31520	0.833426454634293	0.0543747860187719
MA0787.1	31520	0.821794725980541	0.0545022732198285
MA0788.1	31520	0.81553615194495	0.0524313468612741
MA0789.1	31520	0.847774657042311	0.0585418595203114
MA0790.1	31520	0.78713344517952	0.0563217189702709
MA0791.1	31520	0.764896879576995	0.0545205848333868
MA0792.1	31520	0.867333130851357	0.0533475868219096
MA0793.1	31520	0.848470496837547	0.0530798555033755
MA0794.1	31520	0.785649937290199	0.0406025709767908
MA0600.2	31520	0.746142205543923	0.0475278744389494
MA0795.1	31520	0.79296595763518	0.0474871312517092
MA0796.1	31520	0.734903632700945	0.0510133548184403
MA0797.1	31520	0.765776030854733	0.0472575947148828
MA0510.2	31520	0.738575091868134	0.0479718359448488
MA0511.2	31520	0.860176927281139	0.0442042017930998
MA0800.1	31520	0.818945219297896	0.0422059047600372
MA0801.1	31520	0.885230960548839	0.0453712684204219
MA0802.1	31520	0.836122279288709	0.0448431325813868
MA0803.1	31520	0.865810965280342	0.0503353615309937
MA0804.1	31520	0.716408384399423	0.0380049980220102
MA0805.1	31520	0.866970873842016	0.0502632458382618
MA0806.1	31520	0.892401512406651	0.0434575092447034
MA0807.1	31520	0.899826084271174	0.0409012627684961
MA0808.1	31520	0.908541286682474	0.0480266591663994
MA0810.1	31520	0.879154521031826	0.0446434140480445
MA0811.1	31520	0.865749570642385	0.0437217324851413
MA0812.1	31520	0.861864230729115	0.0502013764374846
MA0813.1	31520	0.824408120235053	0.051743206622424
MA0524.2	31520	0.861935084074026	0.0434744444427304
MA0815.1	31520	0.815921780911412	0.0538565286351325
MA0816.1	31520	0.861436649063218	0.0472124858916408
MA0461.2	31520	0.862877718837856	0.0433088503475361
MA0464.2	31520	0.833053664075083	0.0556028050878306
MA0817.1	31520	0.80856985436911	0.0488362347352461
MA0820.1	31520	0.892265698575522	0.0435842210962436
MA0822.1	31520	0.743779307106577	0.0508477015024944
MA0823.1	31520	0.823743348119141	0.0559314142513483
MA0058.3	31520	0.853884094460138	0.0528416937686737
MA0825.1	31520	0.862321139414358	0.0505531923726611
MA0826.1	31520	0.820606720808772	0.0488523424029065
MA0827.1	31520	0.857783059369248	0.0415360712586765
MA0832.1	31520	0.770410508796136	0.0459247318480142
MA0834.1	31520	0.758219552042526	0.0542240166702207
MA0838.1	31520	0.804996437420537	0.0438324410064733
MA0839.1	31520	0.755089109182315	0.0405657003782993
MA0840.1	31520	0.789689397357306	0.0549735172242931
MA0117.2	31520	0.845644270708936	0.0404901464208959
MA0841.1	31520	0.793886790064237	0.0505937007425927
MA0843.1	31520	0.813342607020903	0.0475873343047763
MA0844.1	31520	0.775013315420237	0.0398485297699013
MA0845.1	31520	0.853323772816513	0.0521013778817792
MA0032.2	31520	0.881362957124945	0.0494243340803962
MA0846.1	31520	0.877363386777158	0.0506851277437502
MA0848.1	31520	0.918934495878197	0.0482105768330196
MA0849.1	31520	0.904979785971151	0.0524295724716929
MA0850.1	31520	0.946338676195767	0.0337952337899518
MA0851.1	31520	0.837069930408646	0.0498790805523931
MA0853.1	31520	0.783716920001815	0.0467898099008686
MA0854.1	31520	0.788709109735397	0.0484431252900281
MA0855.1	31520	0.752189946941791	0.0447133578408329
MA0856.1	31520	0.762712537696499	0.0438777462720597
MA0857.1	31520	0.718605239604822	0.0447179405670955
MA0858.1	31520	0.732347580417324	0.0407732813326795
MA0859.1	31520	0.736345322725269	0.0444027963805192
MA0860.1	31520	0.722186704051648	0.0411529922117087
MA0525.2	31520	0.726512455815596	0.0366056711798063
MA0106.3	31520	0.734771373258879	0.036343329814335
MA0861.1	31520	0.770458204867284	0.0379766168009475
MA0862.1	31520	0.83910076256484	0.0461519302857101
MA0863.1	31520	0.746803002167808	0.0384219149080173
MA0024.3	31520	0.78039927512579	0.0431817045456826
MA0866.1	31520	0.737193242005497	0.0470318194256462
MA0870.1	31520	0.738021867173866	0.0468576317576465
MA0872.1	31520	0.810602185569575	0.0550884036633858
MA0028.2	31520	0.823208488249535	0.0556054761800202
MA0873.1	31520	0.822051643542839	0.0427933483601533
MA0874.1	31520	0.776274739964215	0.0461125546372457
MA0875.1	31520	0.928363601096755	0.0471798981934648
MA0876.1	31520	0.933186817915071	0.043764528354577
MA0880.1	31520	0.918082126289802	0.0542336386069084
MA0881.1	31520	0.917392112317029	0.0523601082748574
MA0882.1	31520	0.91716152373814	0.0531586226838788
MA0883.1	31520	0.821097275240683	0.0396955178196384
MA0886.1	31520	0.872477312228065	0.0519512687491476
MA0887.1	31520	0.892376242153923	0.0418042037697607
MA0888.1	31520	0.890717170386422	0.0426999188960796
MA0889.1	31520	0.861950323842235	0.0526115073418447
MA0890.1	31520	0.879426525298308	0.0560130415954403
MA0891.1	31520	0.887563021223863	0.0436438856601791
MA0892.1	31520	0.906840937519816	0.0403887423112663
MA0894.1	31520	0.876641559965541	0.0567417758513432
MA0895.1	31520	0.874083365778855	0.0419789239544085
MA0896.1	31520	0.795316937393024	0.0401442046389359
MA0897.1	31520	0.778803820333682	0.0426223335592507
MA0898.1	31520	0.776813046199096	0.0426748844168498
MA0899.1	31520	0.875684635681685	0.048420238759352
MA0903.1	31520	0.917273391061451	0.0453904277844514
MA0905.1	31520	0.873038367064334	0.0454245769414516
MA0906.1	31520	0.816085853983185	0.0433191781848885
MA0907.1	31520	0.82036644680024	0.0459342678185186
MA0908.1	31520	0.857114844881814	0.0445725304341716
MA0911.1	31520	0.836062959129022	0.0404209489911596
MA0914.1	31520	0.903681157707504	0.0415756252582607
MA0852.2	31520	0.837657598804945	0.0446052191019254
MA0036.3	31520	0.868744799113375	0.0519348632554819
MA1106.1	31520	0.851686773767161	0.0553723067981832
MA0147.3	31520	0.828753593083549	0.0524944349741999
MA0100.3	31520	0.898867818739694	0.0601523756488966
MA0104.4	31520	0.807091114955578	0.0531566506046181
MA1109.1	31520	0.855569719923322	0.0450827983169943
MA0161.2	31520	0.869129016612743	0.0502737854034479
MA0060.3	31520	0.850877489616455	0.0549543629759056
MA1111.1	31520	0.865250589982518	0.0499924951379905
MA0014.3	31520	0.824568403884826	0.0447501232081047
MA1114.1	31520	0.784886510860146	0.0452658093257882
MA1115.1	31520	0.862629779982163	0.0554203829513884
MA1116.1	31520	0.924718755920432	0.057810525548698
MA1117.1	31520	0.848804666270749	0.0459240664716425
MA1118.1	31520	0.827311685839381	0.0438333492321976
MA1119.1	31520	0.773880996283205	0.0408273151387705
MA0442.2	31520	0.897852610590003	0.0535472414317963
MA1120.1	31520	0.874463783349233	0.0525000823454239
MA1121.1	31520	0.836007471052662	0.0462505230315853
MA1122.1	31520	0.854111004676801	0.0587491676807152
MA0750.2	31520	0.841304034004185	0.0521283029218267
MA0103.3	31520	0.89617087808974	0.0553075889705877
MA1124.1	31520	0.754270467796557	0.0533311473906552
MA1125.1	31520	0.887748648103736	0.0828370682720456
MA1154.1	31520	0.762460809607377	0.0360253637546381
MA1155.1	31520	0.768416461236887	0.0429255294385628
MA0099.3	31520	0.84838188928196	0.0478529768535554
MA1126.1	31520	0.777577829399722	0.0438914972247903
MA1127.1	31520	0.785688952961319	0.0528839433207296
MA1128.1	31520	0.836901724051389	0.0476216619140755
MA1129.1	31520	0.79546583678671	0.0525933951003436
MA1130.1	31520	0.843391741742098	0.0478342507973147
MA1131.1	31520	0.809001517921497	0.0517070382728061
MA1132.1	31520	0.851227548517746	0.0439725377057725
MA1133.1	31520	0.799464484327336	0.0495995936325304
MA1134.1	31520	0.8288588802504	0.0491105653971853
MA1135.1	31520	0.844141979342799	0.0500567018156156
MA1136.1	31520	0.809275500998356	0.0513006286798771
MA1137.1	31520	0.834387803449823	0.045477712253125
MA1138.1	31520	0.840874009297564	0.0514752159217145
MA1139.1	31520	0.781963472032836	0.0547499117952123
MA1141.1	31520	0.827857884208885	0.0479674308972227
MA1142.1	31520	0.869357515251357	0.0432638123149005
MA1143.1	31520	0.838849992441353	0.0454908246328263
MA1144.1	31520	0.8398969515476	0.050090897222993
MA1145.1	31520	0.786570767212319	0.0505780165397677
MA1146.1	31520	0.779006331625406	0.0352386285956
MA1147.1	31520	0.792058164797959	0.034814731439204
MA1148.1	31520	0.784255461321864	0.0340894099285312
MA1149.1	31520	0.808119477027331	0.0353386138331613
MA1150.1	31520	0.861846186941905	0.0402451675093436
MA1151.1	31520	0.864785469063279	0.0382382442876805
MA1152.1	31520	0.915505008404133	0.0417328114320551
MA1153.1	31520	0.897371613960094	0.0563083620508487
MA1418.1	31520	0.735703335963153	0.039849863467778
MA1419.1	31520	0.731323151990441	0.0410672029355729
MA1420.1	31520	0.772704078016919	0.0369895768755419
MA1421.1	31520	0.809066698491768	0.0425408123913241
MA1463.1	31520	0.83564487755557	0.0626324399275038
MA1464.1	31520	0.827418647812843	0.0564616017885133
MA1466.1	31520	0.753512575886618	0.0417952950622826
MA1468.1	31520	0.881149845658722	0.0374469075670433
MA1101.2	31520	0.744531219439975	0.0432218296947913
MA1470.1	31520	0.725523383923446	0.0373524603799868
MA1471.1	31520	0.866587805987481	0.0494760745569318
MA1473.1	31520	0.841029886322862	0.0495768989939927
MA1474.1	31520	0.808370277930298	0.0425789928665123
MA1475.1	31520	0.798037311978667	0.050296566359329
MA1478.1	31520	0.84794558724731	0.0413622202528069
MA1479.1	31520	0.820559047421334	0.0440502617898129
MA1480.1	31520	0.84160210641368	0.0453629142978847
MA1481.1	31520	0.910592682470139	0.05562571963906
MA1484.1	31520	0.866858787329801	0.0471917521739019
MA1485.1	31520	0.786583773954123	0.0426441072183226
MA1489.1	31520	0.823853902284264	0.0715881296966357
MA1493.1	31520	0.82221311184909	0.0419475861929418
MA1494.1	31520	0.758595455103283	0.0418974871688557
MA1495.1	31520	0.912346090615373	0.043101580779875
MA1496.1	31520	0.931618985688272	0.0388056609432285
MA1497.1	31520	0.886048126917437	0.03989437398527
MA1499.1	31520	0.910780975802563	0.0595522293061262
MA1500.1	31520	0.926463199666478	0.0398270872243267
MA1501.1	31520	0.872440246159176	0.0419694674477669
MA1502.1	31520	0.914988925487445	0.0485910794786169
MA1503.1	31520	0.832160196524022	0.046939293330845
MA1504.1	31520	0.9350270190896	0.0529200073995314
MA1505.1	31520	0.914042761485701	0.040728487486055
MA1506.1	31520	0.814168564369034	0.0444734005524689
MA1507.1	31520	0.929237423820791	0.0571300521390836
MA1508.1	31520	0.865129213061771	0.0452335550194246
MA1509.1	31520	0.819697157740025	0.0424436936358056
MA1512.1	31520	0.879778071059834	0.0543967324171045
MA1513.1	31520	0.866145063077834	0.0892876060327694
MA1514.1	31520	0.800723330424261	0.0459669889330616
MA1515.1	31520	0.907169901879077	0.0534406832790421
MA1516.1	31520	0.85476901800345	0.0571301393380946
MA1517.1	31520	0.894550518775194	0.0515826165641322
MA1519.1	31520	0.885124613567318	0.0624493869938205
MA1520.1	31520	0.775247802210063	0.0385712676708142
MA1521.1	31520	0.779746770440985	0.0390038486574031
MA1522.1	31520	0.891314854368784	0.0689747161825071
MA1523.1	31520	0.876975841982788	0.0402973991289548
MA1527.1	31520	0.76358484969768	0.0475109159934511
MA1528.1	31520	0.773246275133764	0.0463981574515805
MA1529.1	31520	0.746269042325899	0.0428147853138715
MA1530.1	31520	0.899748573449648	0.0477429262413802
MA1531.1	31520	0.792436141675027	0.0375233001419726
MA1533.1	31520	0.80169093318405	0.0323119561689576
MA1534.1	31520	0.886793203830874	0.0450154988458123
MA1535.1	31520	0.939220331469785	0.0492312722974338
MA1536.1	31520	0.968337121756807	0.0270230876247486
MA1537.1	31520	0.780047448359674	0.0419254699624746
MA1538.1	31520	0.758515723029325	0.0408841006399094
MA1539.1	31520	0.744678030423147	0.0419141445569175
MA1541.1	31520	0.782294577916881	0.0419988524126653
MA1542.1	31520	0.861618664091028	0.0436779306823297
MA1544.1	31520	0.781687390516349	0.0429117687816482
MA1545.1	31520	0.814783314651577	0.0416576499159752
MA1546.1	31520	0.772070456473461	0.033652742640949
MA1548.1	31520	0.852712890997914	0.059715144517825
MA1549.1	31520	0.877058886229996	0.0473161552795615
MA1550.1	31520	0.782149162630502	0.0403652783068668
MA1552.1	31520	0.773943665865853	0.0377858948653616
MA1553.1	31520	0.764605520949025	0.0386247719553423
MA1554.1	31520	0.903985860851004	0.0334276412432732
MA1555.1	31520	0.78209970747801	0.0391031358295647
MA1556.1	31520	0.777379449617134	0.0406578862210711
MA1557.1	31520	0.812739329314863	0.04383808633011
MA1558.1	31520	0.902293567950949	0.0486149580552615
MA1559.1	31520	0.863442182650084	0.0474939382182447
MA1560.1	31520	0.824046284050367	0.0537774982508966
MA1561.1	31520	0.803590099243228	0.0415805857311671
MA1562.1	31520	0.816835170527066	0.0448503399422673
MA1564.1	31520	0.877712116513845	0.058756880768271
MA1565.1	31520	0.839865331324627	0.0407632713045074
MA1568.1	31520	0.83962447698458	0.0379848040848732
MA1569.1	31520	0.881393730344998	0.057526778262022
MA1570.1	31520	0.896300892672151	0.040550930240704
MA1571.1	31520	0.778932267213431	0.044240452865606
MA1572.1	31520	0.786774670768565	0.0436790014300289
MA1574.1	31520	0.820354471033768	0.0363570431461823
MA1575.1	31520	0.756725668444951	0.0390482543004445
MA1576.1	31520	0.762147087563916	0.0345943565221513
MA1577.1	31520	0.902702897548434	0.0667567223226917
MA1578.1	31520	0.890689880043815	0.0604163525485729
MA1579.1	31520	0.867187053120553	0.0490483361483611
MA1580.1	31520	0.830313967943242	0.0513203368834666
MA1581.1	31520	0.842825316280774	0.045867916152405
MA1583.1	31520	0.830035767214099	0.0500215644265108
MA1584.1	31520	0.779651477183982	0.0441586087771453
MA1585.1	31520	0.826151563682584	0.0487278706195496
MA1587.1	31520	0.796717748325401	0.0435721312109934
MA1588.1	31520	0.763150303222096	0.0393468955630171
MA1589.1	31520	0.704814623558876	0.0341259518279824
MA1592.1	31520	0.805735305290483	0.0364377554448706
MA1593.1	31520	0.833822730678978	0.0453310143488211
MA1594.1	31520	0.704916212024709	0.0297051316749953
MA1596.1	31520	0.785611001181825	0.0655856044284745
MA1597.1	31520	0.73013103692587	0.0390786263850413
MA1599.1	31520	0.77700403853132	0.0485258965931466
MA1600.1	31520	0.746671040284797	0.0347780079753527
MA1602.1	31520	0.817203687432051	0.0449711950372861
MA1603.1	31520	0.807587513984886	0.0463828303720286
MA1604.1	31520	0.82182133365421	0.0504217539981336
MA1606.1	31520	0.872227399612716	0.0549672620478431
MA1607.1	31520	0.831542433305792	0.0509126194733817
MA1608.1	31520	0.862196375168846	0.050183404497212
MA1615.1	31520	0.836313745909135	0.0533919457715989
MA1616.1	31520	0.803148054700193	0.0414363349253982
MA1618.1	31520	0.857812733148441	0.0486414709794453
MA1619.1	31520	0.856357837826061	0.0528385771109697
MA1620.1	31520	0.86449256978699	0.0480307356494847
MA1621.1	31520	0.859726446910456	0.047067679884473
MA1623.1	31520	0.840799082409808	0.050010039586996
MA1624.1	31520	0.846967043032522	0.0487734284435205
MA1625.1	31520	0.833392423493972	0.0519008063364555
MA1627.1	31520	0.843802329101843	0.0569856878347813
MA1628.1	31520	0.886825085451798	0.0510803807178005
MA1629.1	31520	0.82464818002071	0.0469480414936354
MA1100.2	31520	0.894410656794053	0.0426568260235631
MA0605.2	31520	0.76801664670369	0.0583304530827104
MA0462.2	31520	0.836974264349429	0.0521175072379638
MA0463.2	31520	0.775025934731723	0.0395674791783757
MA0864.2	31520	0.766295510617615	0.0397394322640029
MA0469.3	31520	0.717879400978552	0.0385939331882135
MA0470.2	31520	0.760228750991732	0.0416151102036511
MA0612.2	31520	0.887217206337935	0.0568243005529653
MA0766.2	31520	0.887095299905896	0.0492107848605094
MA0038.2	31520	0.829064978815232	0.043142419168386
MA0893.2	31520	0.931752999921922	0.0410233789827185
MA1099.2	31520	0.864503269026082	0.0581160922378689
MA0616.2	31520	0.822600690792211	0.0578593688040428
MA0900.2	31520	0.889315366994135	0.061267518601991
MA0158.2	31520	0.907465847709957	0.0474301434966761
MA0594.2	31520	0.889832297312082	0.0373127917373207
MA0902.2	31520	0.92077066988641	0.0472997704760753
MA0904.2	31520	0.899315480203554	0.0498418586653816
MA0485.2	31520	0.823453652745899	0.0482437001448137
MA0912.2	31520	0.868061030197815	0.0541419111126335
MA0910.2	31520	0.90933175390184	0.0479722469368236
MA0913.2	31520	0.866297098798571	0.0510909814906256
MA1140.2	31520	0.746657199331668	0.0546118477775133
MA0701.2	31520	0.882253913381231	0.0576014857125312
MA0702.2	31520	0.862395523460527	0.0662956984031558
MA0703.2	31520	0.817434527270196	0.0680954926111714
MA0623.2	31520	0.834785875411247	0.0476752295885396
MA0842.2	31520	0.811973722162944	0.041901071277141
MA0682.2	31520	0.893608670041989	0.0610563064377862
MA0075.3	31520	0.872447284323119	0.0658242545507685
MA0867.2	31520	0.907349188544425	0.043779402053888
MA0868.2	31520	0.874206095728208	0.0436699187801823
MA0746.2	31520	0.864585889811553	0.0590313785226696
MA0632.2	31520	0.845462435260284	0.0602009206912431
MA0871.2	31520	0.81911286685046	0.0557433743292964
MA0753.2	31520	0.827472941598434	0.0668509680149903
MA0122.3	31520	0.82398981369254	0.0481504299027039
MA1707.1	31520	0.8415537560521	0.0439287455622714
MA1708.1	31520	0.878290826362396	0.0407531684092784
MA1709.1	31520	0.815323234350581	0.044405446144288
MA1710.1	31520	0.896230819114116	0.0423386330655279
MA1711.1	31520	0.756206488546868	0.0411065998858621
MA1712.1	31520	0.797178385037189	0.0456362523756746
MA1713.1	31520	0.802764434193511	0.0666554444235085
MA1714.1	31520	0.76373155749301	0.0323818844696352
MA1715.1	31520	0.749956781046291	0.0405746888211045
MA1716.1	31520	0.755663921245504	0.0397150677312395
MA1717.1	31520	0.819011081052232	0.0428511725462501
MA1718.1	31520	0.695285721237212	0.0397738109656314
MA1719.1	31520	0.759156581053458	0.0411732433500975
MA1720.1	31520	0.781352034332856	0.0406581989309691
MA1721.1	31520	0.775533718685993	0.0646180534171362
MA1722.1	31520	0.724438495083431	0.0343427836585217
MA1723.1	31520	0.822503648286753	0.0447372191227787
MA1724.1	31520	0.821814901641706	0.0492801052728436
MA1631.1	31520	0.857457001455381	0.0500635784007282
MA1632.1	31520	0.817398013385125	0.0536906435956255
MA1634.1	31520	0.838760582528937	0.052262915223211
MA1635.1	31520	0.880409663661176	0.0649861958911385
MA1636.1	31520	0.79775645569731	0.0441725160123669
MA1637.1	31520	0.821162869001127	0.0517594163408606
MA1638.1	31520	0.900876375477418	0.0608694963042851
MA1639.1	31520	0.83164973978818	0.0491564054455352
MA1640.1	31520	0.807053320590309	0.050273975275784
MA1641.1	31520	0.848152293964262	0.0523394978896138
MA1642.1	31520	0.866970523171724	0.0472141036984686
MA1643.1	31520	0.7286237834527	0.0430357137719278
MA1644.1	31520	0.851862853377197	0.0549163181500647
MA1645.1	31520	0.845037442302078	0.0437077579907917
MA1646.1	31520	0.872718623424952	0.0469551665570242
MA1648.1	31520	0.888935459258861	0.0515964513310917
MA1649.1	31520	0.880680386200492	0.0525879053206585
MA1650.1	31520	0.821965446346198	0.0658970315245547
MA1651.1	31520	0.758747139393986	0.0465201428197547
MA1652.1	31520	0.842911011857647	0.0460349924919302
MA1653.1	31520	0.8642854484331	0.0715699253335514
MA1654.1	31520	0.717518848132563	0.0319886114849434
MA1655.1	31520	0.849380716941303	0.0461571177460319
MA1656.1	31520	0.818248539348303	0.0452068324345109
MA1657.1	31520	0.814301486237517	0.0507622118965516
MA1683.1	31520	0.87046516402238	0.052580334762833
MA1725.1	31520	0.83391390921549	0.043629673886396
MA1726.1	31520	0.809745796620021	0.0475521783859832
MA1727.1	31520	0.803652996328515	0.0495483500933473
MA1728.1	31520	0.85370584845769	0.0489419261679234
MA1729.1	31520	0.79370782752724	0.0394331965135361
MA1730.1	31520	0.806102786308794	0.0416424033663297
MA1731.1	31520	0.820356043062517	0.0395191767932992
MA0833.2	31520	0.799618541279565	0.0462756048720374
MA0835.2	31520	0.83645208311943	0.050813889091907
MA0465.2	31520	0.839304952342803	0.0518370273836507
MA0102.4	31520	0.803156855964234	0.045490555572565
MA0836.2	31520	0.818038976751458	0.0467281071246948
MA0018.4	31520	0.829293113222523	0.0581198149629873
MA1102.2	31520	0.844384605152153	0.0595670379881999
MA0471.2	31520	0.860012188249493	0.0504415675185474
MA0154.4	31520	0.800042246413062	0.0476876944893028
MA0162.4	31520	0.824602719649622	0.0609226819721068
MA0598.3	31520	0.830567993289703	0.0448299664611206
MA0473.3	31520	0.832253383499346	0.0465791063687113
MA0640.2	31520	0.845592243900101	0.0444308226371847
MA0592.3	31520	0.817510963408975	0.0520070110118818
MA0761.2	31520	0.841927375683468	0.0457271676236834
MA0477.2	31520	0.825105828096613	0.0526932738742312
MA0148.4	31520	0.840875662159645	0.051239177640176
MA0047.3	31520	0.867739757819922	0.0526153763410497
MA1103.2	31520	0.868387832704334	0.0526038506757105
MA0481.3	31520	0.874233259715059	0.0526169220283553
MA0062.3	31520	0.83287241927872	0.0458822110311924
MA0035.4	31520	0.856300563964536	0.0469352826635643
MA0482.2	31520	0.845783197982138	0.045801312142426
MA1104.2	31520	0.828382739420169	0.0478156068149189
MA1105.2	31520	0.826108906809485	0.0472121721104398
MA0043.3	31520	0.81840316366932	0.0493602945471375
MA0114.4	31520	0.818195977982217	0.0474336962723775
MA0484.2	31520	0.821971762765801	0.0469102389751592
MA0901.2	31520	0.827789626804924	0.0549111899190306
MA0490.2	31520	0.813317042185524	0.0534821199762833
MA0491.2	31520	0.815306662594668	0.0532943462246929
MA0039.4	31520	0.896542912249812	0.0627276724179823
MA1107.2	31520	0.819945991287403	0.0537190048887037
MA0700.2	31520	0.855393538408255	0.0560066765499297
MA0495.3	31520	0.783171606722906	0.0431014917956111
MA0496.3	31520	0.777102807423215	0.0469241690424269
MA0052.4	31520	0.819485642597666	0.0511894204844943
MA0620.3	31520	0.783059056719182	0.0482326943120635
MA1108.2	31520	0.909260941927829	0.0617011552626233
MA0499.2	31520	0.849434664060348	0.0451969658235296
MA0500.2	31520	0.852270550508089	0.0579422759855926
MA0056.2	31520	0.846108055027295	0.0461385215405636
MA0089.2	31520	0.773928002729461	0.0441841929005092
MA0025.2	31520	0.821141591430307	0.0520247318325039
MA0502.2	31520	0.826113248176441	0.0510128170749913
MA0063.2	31520	0.876206072844638	0.0454416096675188
MA1112.2	31520	0.862924492009367	0.0484126857313516
MA0679.2	31520	0.782661628824244	0.0603272840630113
MA0712.2	31520	0.867356706404612	0.0528360221989136
MA1113.2	31520	0.82090838179183	0.0531937796903948
MA0681.2	31520	0.772226402331125	0.0621852185483015
MA0782.2	31520	0.804264195680229	0.0481996650007073
MA0627.2	31520	0.822635066999363	0.0560314593331013
MA0508.3	31520	0.888261448319665	0.0518847834909784
MA0684.2	31520	0.864839717443903	0.0478129490601379
MA0743.2	31520	0.791971706559888	0.0417728128053234
MA0744.2	31520	0.794156649523697	0.0418250701363882
MA0745.2	31520	0.841919206168877	0.04782987946992
MA0143.4	31520	0.869147416387921	0.0487545632574758
MA0081.2	31520	0.804075279635661	0.0415444703561162
MA0829.2	31520	0.796034733264324	0.0462067188292176
MA0522.3	31520	0.889690171311319	0.0511131192803778
MA0830.2	31520	0.854879245437222	0.0498189776756081
MA0769.2	31520	0.876291935862409	0.0511338776718306
MA0090.3	31520	0.829276240538802	0.0473035370536353
MA0809.2	31520	0.849141500132261	0.0472906765204882
MA0003.4	31520	0.831324574012653	0.0520942833576678
MA0814.2	31520	0.832149386295402	0.0530058732097687
MA1123.2	31520	0.853943062251114	0.0463896181267206
MA0093.3	31520	0.803725926706532	0.0483602155461227
MA0748.2	31520	0.831605632626995	0.054361642425134
MA0528.2	31520	0.87017658925971	0.0573061265462564
MA0609.2	31520	0.753487842480579	0.0548678096605639
MA1684.1	31520	0.976132635019092	0.0402904114935009
MA1928.1	31520	0.845835370869909	0.0520335588706099
MA1929.1	31520	0.699448867965369	0.0380980592546919
MA1930.1	31520	0.690644672953175	0.0353825338072945
MA1931.1	31520	0.757172001978218	0.0408153047660472
MA1932.1	31520	0.749849747885875	0.0365667632987341
MA1933.1	31520	0.757009815390602	0.0400057617839046
MA1934.1	31520	0.797289304979189	0.0403328585884712
MA1935.1	31520	0.847851533788497	0.0344726749694854
MA1936.1	31520	0.858273537879043	0.0331366398573735
MA1937.1	31520	0.817993693636612	0.0349648449508483
MA1938.1	31520	0.77100145664883	0.0361188827308987
MA1939.1	31520	0.753810233288559	0.0344922242031533
MA1940.1	31520	0.790711699972812	0.0386262495187568
MA1941.1	31520	0.781091389846899	0.0397085777905406
MA1942.1	31520	0.816875358092187	0.0382224663931629
MA1943.1	31520	0.792962183036356	0.0361499862881656
MA1944.1	31520	0.80188436148071	0.036364100034977
MA1945.1	31520	0.792844169206905	0.0416330612903483
MA1946.1	31520	0.833072316076824	0.0356180477786503
MA1947.1	31520	0.85374547051713	0.0356240515241143
MA1948.1	31520	0.805018230796702	0.0351707728759385
MA1949.1	31520	0.773366217524712	0.0355375799658686
MA1950.1	31520	0.823974028908686	0.0413575120859924
MA1951.1	31520	0.748214016774649	0.0505192236074162
MA1952.1	31520	0.837529318669363	0.0376457953705554
MA1953.1	31520	0.828578674409154	0.0387903819708272
MA1954.1	31520	0.823598690561718	0.0416477502507488
MA1955.1	31520	0.817963299968621	0.0408677418335403
MA1956.1	31520	0.807372702220539	0.0390673586711056
MA1957.1	31520	0.769321737529767	0.0395054662438899
MA1958.1	31520	0.749150319260308	0.0371221214144091
MA1959.1	31520	0.92495679557054	0.0657935026948989
MA1960.1	31520	0.819859294782017	0.0422954256836579
MA1961.1	31520	0.893325765005647	0.0707838174986218
MA1962.1	31520	0.770019959922262	0.0427461627326122
MA1963.1	31520	0.827222784071226	0.0584088900551519
MA1964.1	31520	0.903920205651384	0.0570919487270953
MA1965.1	31520	0.927545487064063	0.0619617132999062
MA1966.1	31520	0.800134159012966	0.0400182073538192
MA1967.1	31520	0.747731636407858	0.0418312016431596
MA1968.1	31520	0.836683758834364	0.0413509998849837
MA1969.1	31520	0.735952205443939	0.0332237260129533
MA1970.1	31520	0.839966518026053	0.0502615474776162
MA1971.1	31520	0.832805762419641	0.03974436470166
MA1972.1	31520	0.843249167757751	0.0386801148169468
MA1973.1	31520	0.760161847184338	0.0446479470088375
MA1974.1	31520	0.776171070406354	0.0507756992946437
MA1975.1	31520	0.799408255303273	0.0351652293497893
MA1976.1	31520	0.759156871733098	0.0390054384555362
MA1977.1	31520	0.78205576970898	0.0335496682976357
MA1978.1	31520	0.782712457348361	0.0420558008266373
MA1979.1	31520	0.83483184016576	0.0446817725514303
MA1980.1	31520	0.802741913553466	0.0351993162545415
MA1981.1	31520	0.808770551369502	0.047496238574632
MA1982.1	31520	0.805372820042032	0.0414967799468173
MA1983.1	31520	0.691286247568201	0.0340785259909405
MA1984.1	31520	0.830600031886497	0.0383217510657546
MA1985.1	31520	0.762590150105862	0.0415425264895734
MA1986.1	31520	0.867244874198166	0.0597482437603137
MA1987.1	31520	0.803515403415142	0.037627413567673
MA1988.1	31520	0.861450761330938	0.0519718317073107
MA1989.1	31520	0.825259199116103	0.0487215292311946
MA1990.1	31520	0.812707456208701	0.0439234858369657
MA1991.1	31520	0.838459544378486	0.0412543928090278
MA1992.1	31520	0.830565808224271	0.0436462134666322
MA1993.1	31520	0.892320489736576	0.0621623277412834
MA1994.1	31520	0.843845993879434	0.0461839517619556
MA1995.1	31520	0.840711655590065	0.0479661274812919
MA1996.1	31520	0.895321621098497	0.0603476505390761
MA1997.1	31520	0.893005958368503	0.0643003702092924
MA1998.1	31520	0.826661273545882	0.044257803344284
MA1999.1	31520	0.790550456863877	0.0408738540079711
MA2001.1	31520	0.853060885037492	0.0473520603126131
MA2002.1	31520	0.899252171707168	0.0434913697231819
MA2003.1	31520	0.904950602845669	0.0349262643856007
MA0037.4	31520	0.851378397777555	0.0481358888743679
MA0041.2	31520	0.830488902387097	0.053414761815175
MA0050.3	31520	0.803178056587081	0.0452109031434195
MA0067.2	31520	0.780520390926287	0.0321123398378422
MA0078.2	31520	0.82422246954769	0.045255519467649
MA0079.5	31520	0.908293117618231	0.0746454994925089
MA0080.6	31520	0.793120187725213	0.0432203458357826
MA0087.2	31520	0.840876968679472	0.0423859349771593
MA0095.3	31520	0.843807881868892	0.0505048886830577
MA0136.3	31520	0.873623263755783	0.0443083920136558
MA0152.2	31520	0.827161476471702	0.0470409130994428
MA0156.3	31520	0.818184429322595	0.0515254566368207
MA0157.3	31520	0.872354069088959	0.0492624803182249
MA0160.2	31520	0.878894775511043	0.0428960393358014
MA0466.3	31520	0.758273823701706	0.0425195719469185
MA0467.2	31520	0.881938435809124	0.064695393578839
MA0474.3	31520	0.842607927957626	0.0441548678911745
MA0480.2	31520	0.880224711750907	0.0485476968492199
MA0489.2	31520	0.845769796904133	0.0532131179104504
MA0493.2	31520	0.939132443360761	0.0625318154496856
MA0505.2	31520	0.81814803237772	0.055408387982074
MA0506.2	31520	0.782081537443074	0.0706864198232366
MA0507.2	31520	0.774392044910523	0.0553500722913762
MA0509.3	31520	0.72671145864898	0.0485033212310838
MA0514.2	31520	0.879824357259271	0.0497701734603311
MA0516.3	31520	0.914806010966053	0.0663935782682707
MA0521.2	31520	0.870082540562601	0.058943133147432
MA0526.4	31520	0.776017119389463	0.0539880390869484
MA0606.2	31520	0.852927113109576	0.0462788359197132
MA0607.2	31520	0.812873628488523	0.0478197369837909
MA0611.2	31520	0.772696551344679	0.0495136435240889
MA0624.2	31520	0.87542597584878	0.0504718287908648
MA0625.2	31520	0.940387538395507	0.0331392718875444
MA0633.2	31520	0.895269742945405	0.0674455476996562
MA0642.2	31520	0.911143529904583	0.0480613699345952
MA0644.2	31520	0.89916543458681	0.0554445672846774
MA0650.3	31520	0.857178676312921	0.0504886878933836
MA0651.2	31520	0.775586101582764	0.0441232811858101
MA0659.3	31520	0.768520989516703	0.0485706285447247
MA0666.2	31520	0.898034700351094	0.0569141605984457
MA0668.2	31520	0.841427703154414	0.0436078515612079
MA0680.2	31520	0.77275211662991	0.0600655450197588
MA0685.2	31520	0.920929500785312	0.0673826904296287
MA0690.2	31520	0.817136254799601	0.0428155504116207
MA0693.3	31520	0.888709960654123	0.0553481026366473
MA0697.2	31520	0.836220770582289	0.0501837149804565
MA0707.2	31520	0.929760721915451	0.0509469680604298
MA0708.2	31520	0.902717321543656	0.0541333770560027
MA0723.2	31520	0.939299721431913	0.0363932464049444
MA0734.3	31520	0.826663124048019	0.0442760123488988
MA0740.2	31520	0.923262455984504	0.0626402531615532
MA0742.2	31520	0.902201444548466	0.0728535564107806
MA0754.2	31520	0.806038242165613	0.0492252915688525
MA0756.2	31520	0.828442362151881	0.0473346186896846
MA0759.2	31520	0.821791150554653	0.0562537159677241
MA0764.3	31520	0.848638024721766	0.0514316202076077
MA0765.3	31520	0.823737892692762	0.054971951087155
MA0768.2	31520	0.824464247903193	0.0453308186736831
MA0784.2	31520	0.757901766874891	0.0517185366660654
MA0798.3	31520	0.727689194235723	0.0473015442604742
MA0799.2	31520	0.732271310180898	0.046047136803562
MA0818.2	31520	0.829801097244692	0.0477379637998558
MA0819.2	31520	0.871200174471967	0.0456859317337838
MA0821.2	31520	0.833878469335418	0.0494522568987396
MA0828.2	31520	0.753215777412028	0.0494210599312834
MA0831.3	31520	0.787473965559928	0.0548794634493894
MA0837.2	31520	0.762594999512657	0.0421222832698459
MA0847.3	31520	0.859615115610039	0.0477201624243263
MA0865.2	31520	0.8107609634319	0.0424577584795661
MA0869.2	31520	0.868825260656631	0.0425762352455406
MA0877.3	31520	0.86942552489741	0.0461716172003179
MA0878.3	31520	0.846236721363064	0.0489463817906939
MA0879.2	31520	0.927164220213941	0.044656136786419
MA0884.2	31520	0.807010193144067	0.0498163027842244
MA0885.2	31520	0.832126050717041	0.0489040390038212
MA0909.3	31520	0.869875692994769	0.0613855774784625
MA1110.2	31520	0.913201203191795	0.0590283892825272
MA1467.2	31520	0.876088485094795	0.0497489769985713
MA1472.2	31520	0.852277371228185	0.0498663805174683
MA1476.2	31520	0.834270426909274	0.049472765769831
MA1483.2	31520	0.83576926073639	0.0434024646647555
MA1487.2	31520	0.844350069953342	0.0475095847179565
MA1491.2	31520	0.744751551669241	0.0391988981572659
MA1498.2	31520	0.925809547554723	0.0421797450612624
MA1511.2	31520	0.913588118271755	0.0677926316988656
MA1518.2	31520	0.756696920459836	0.0450022853274555
MA1524.2	31520	0.816607137527318	0.0418231395424291
MA1525.2	31520	0.888923012482253	0.0475275699416209
MA1532.2	31520	0.771822405700213	0.0375437204870776
MA1547.2	31520	0.885697180467329	0.0611812183694043
MA1563.2	31520	0.941593882048439	0.039281768272543
MA1566.2	31520	0.835304491652774	0.0442015555680206
MA1567.2	31520	0.843520333821277	0.0437445872349193
MA1573.2	31520	0.762171066052939	0.0565323225726842
MA1601.2	31520	0.805730252389055	0.0409484943834768
MA1630.2	31520	0.879766073524202	0.0700082091770647
MA1633.2	31520	0.833704992808467	0.0522178369176841
MA1647.2	31520	0.791362924477388	0.0395956631207014
MA0597.2	31520	0.859261610543691	0.0507833455457641
MA1540.2	31520	0.783403478759089	0.0607650795035807
