[SHORT TFBS MATRIX]
MA0004.1	31899	0.883876109825256	0.0670426548133733
MA0006.1	31899	0.932224555483111	0.0550365775808944
MA0019.1	31899	0.8509401814926	0.037214994472579
MA0029.1	31899	0.796593805366936	0.0446903563540952
MA0030.1	31899	0.825119013252958	0.0460177402300986
MA0031.1	31899	0.886675943798513	0.0518057747296719
MA0040.1	31899	0.860790141376184	0.0483166166896899
MA0041.1	31899	0.895090497047538	0.0479617559667626
MA0051.1	31899	0.786331157875243	0.0392658901031085
MA0057.1	31899	0.924871284290887	0.0342491143560797
MA0059.1	31899	0.824039152960626	0.0480938748358289
MA0066.1	31899	0.764869399471193	0.0308045905068917
MA0067.1	31899	0.949134371060977	0.0307188492446541
MA0069.1	31899	0.795532958222878	0.0351070267382992
MA0070.1	31899	0.827160492513837	0.043388579667318
MA0071.1	31899	0.866990550966814	0.0495520970823854
MA0072.1	31899	0.806493580741349	0.0450064624833678
MA0073.1	31899	0.828858111319525	0.0479974869643526
MA0074.1	31899	0.78255209997528	0.0371762974028155
MA0077.1	31899	0.883775914899912	0.0421596656718528
MA0078.1	31899	0.916514614974847	0.0461074222509405
MA0084.1	31899	0.92248039769671	0.0387307765893212
MA0087.1	31899	0.920067577100917	0.0588969643715768
MA0091.1	31899	0.849160234225716	0.043232369706885
MA0092.1	31899	0.90805747229318	0.0331370771765423
MA0101.1	31899	0.890501175371467	0.0388647074109479
MA0107.1	31899	0.849247008988683	0.0472357905657279
MA0108.2	31899	0.861683266436425	0.0407195762783102
MA0109.1	31899	0.963635291885761	0.0137213778206285
MA0111.1	31899	0.883784326873869	0.0287732372282952
MA0115.1	31899	0.709435497529501	0.0424625721325764
MA0116.1	31899	0.842093786634791	0.0400106379683562
MA0119.1	31899	0.760556004831136	0.0468595462715766
MA0125.1	31899	0.903985417202235	0.0489439887400769
MA0130.1	31899	0.982358314366058	0.0243709697180749
MA0135.1	31899	0.832687955709291	0.0528449119860359
MA0139.1	31899	0.793126573247089	0.0422835076936075
MA0142.1	31899	0.793776132336659	0.0432612622348273
MA0149.1	31899	0.716265046365115	0.0587434901276699
MA0138.2	31899	0.707254800643466	0.0381800813162072
MA0002.2	31899	0.883427082227202	0.0379555338000559
MA0065.2	31899	0.830167409125323	0.0342004284514105
MA0151.1	31899	0.960588149655156	0.0558611298543752
MA0152.1	31899	0.93898178108374	0.0414441103869926
MA0155.1	31899	0.867806510013057	0.0374281863317014
MA0159.1	31899	0.816684706608874	0.0323191127047858
MA0160.1	31899	0.923221250918538	0.0349830668553424
MA0163.1	31899	0.808177813303562	0.045644465588222
MA0164.1	31899	0.880544672515556	0.0610372198857764
MA0259.1	31899	0.906703521945479	0.0553872654940579
MA0146.2	31899	0.855601184573473	0.055063019444661
MA0467.1	31899	0.850668997057436	0.0399844132928635
MA0468.1	31899	0.844092763723988	0.045825106761368
MA0476.1	31899	0.861292318949095	0.0506243341537122
MA0478.1	31899	0.858639047480628	0.0494984214700433
MA0479.1	31899	0.864232800212817	0.0459935316102226
MA0480.1	31899	0.874559448326167	0.0429447900817126
MA0483.1	31899	0.871700719637508	0.0410615677832769
MA0488.1	31899	0.82804481291008	0.0476413107806594
MA0489.1	31899	0.839309306243739	0.0461495616210755
MA0492.1	31899	0.827948634045332	0.0464538070619596
MA0493.1	31899	0.883963395731038	0.04535596915666
MA0494.1	31899	0.81600080483002	0.0304872224489639
MA0497.1	31899	0.849337414387106	0.0440705935507389
MA0501.1	31899	0.780095763180864	0.0431187879462956
MA0503.1	31899	0.880771776739572	0.0386295632463645
MA0504.1	31899	0.83878194565276	0.035368446803475
MA0505.1	31899	0.821304359386888	0.0542481500490687
MA0506.1	31899	0.848270196761844	0.0653629655248152
MA0507.1	31899	0.832793182649159	0.0551536110345487
MA0513.1	31899	0.832344572364526	0.0405946930040739
MA0514.1	31899	0.91247526999035	0.0388340146656032
MA0515.1	31899	0.902935366074461	0.0431361733558232
MA0517.1	31899	0.821695465554282	0.042537554287828
MA0518.1	31899	0.8662452912784	0.0414436130397914
MA0519.1	31899	0.883123397725366	0.0424781696489947
MA0520.1	31899	0.850000680982762	0.0428924714416329
MA0521.1	31899	0.887109819855834	0.0498664626708182
MA0523.1	31899	0.854057773465227	0.039115526654864
MA0527.1	31899	0.779089536241171	0.0489328191367609
MA0076.2	31899	0.867340686324868	0.0488828746308517
MA0258.2	31899	0.825792136090655	0.0380871229171663
MA0050.2	31899	0.79166679812239	0.0461486168861418
MA0150.2	31899	0.776704303827705	0.0422023619739806
MA0137.3	31899	0.864784580905167	0.0457434481204954
MA0144.2	31899	0.890901200330192	0.041416881060678
MA0140.2	31899	0.800889399716401	0.0420186290831593
MA0095.2	31899	0.825080678484949	0.0510864247610641
MA0591.1	31899	0.790392963285829	0.0421211340036446
MA0593.1	31899	0.879304905887606	0.0488770309354118
MA0595.1	31899	0.873265111149934	0.041805390616205
MA0596.1	31899	0.859105301417657	0.0428824983825136
MA0597.1	31899	0.932453714212956	0.0275662440620372
MA0599.1	31899	0.939268950538027	0.0523728215887242
MA0601.1	31899	0.863006180777681	0.0591422700185902
MA0602.1	31899	0.834021618190343	0.0529488466262888
MA0603.1	31899	0.842086262087415	0.0545734107420029
MA0604.1	31899	0.859927067531987	0.0514601055470579
MA0606.1	31899	0.905919571696563	0.036951463859704
MA0607.1	31899	0.896477065120501	0.0505685629398002
MA0608.1	31899	0.853894667436431	0.0487647775889331
MA0610.1	31899	0.841544177170688	0.0514678874219493
MA0611.1	31899	0.893879352918625	0.0628186282278283
MA0613.1	31899	0.88431884685859	0.0587898576669079
MA0614.1	31899	0.908521985768401	0.0507062353747425
MA0615.1	31899	0.828969746836035	0.0406833273381145
MA0618.1	31899	0.895403016689231	0.0502409194708057
MA0619.1	31899	0.913561006388828	0.0595076965557387
MA0621.1	31899	0.832690204294725	0.0697357300323175
MA0622.1	31899	0.855648789409053	0.0606786030902882
MA0624.1	31899	0.912778886986041	0.0378941158051695
MA0625.1	31899	0.896803708012499	0.040952252194103
MA0626.1	31899	0.875453936152979	0.0477334866189869
MA0628.1	31899	0.831737042930367	0.0615667088962282
MA0629.1	31899	0.825689953920744	0.035018765108756
MA0630.1	31899	0.911659696562061	0.0549340814191463
MA0631.1	31899	0.765998480404191	0.0401794263467975
MA0633.1	31899	0.857868509944059	0.0560139278570821
MA0634.1	31899	0.881442063099276	0.0501082990683047
MA0007.3	31899	0.753569973008873	0.0412241756259689
MA0635.1	31899	0.901570135300906	0.0367601454854179
MA0636.1	31899	0.795974452335021	0.0534797441992344
MA0637.1	31899	0.79260149620891	0.0339039247769416
MA0638.1	31899	0.778992458872443	0.0413906635800098
MA0639.1	31899	0.823921626036605	0.049170186108721
MA0641.1	31899	0.798916222156013	0.0487023465536906
MA0136.2	31899	0.885190656557586	0.0377282505796002
MA0027.2	31899	0.911026611543001	0.0489744529923015
MA0642.1	31899	0.896419644331013	0.0378614161493423
MA0643.1	31899	0.856260948810655	0.0477715987038381
MA0644.1	31899	0.888631440898535	0.0484469438592425
MA0645.1	31899	0.869198057648341	0.0476143154978019
MA0475.2	31899	0.849660817693846	0.0478654348118462
MA0042.2	31899	0.901315765192155	0.0524712796174445
MA0033.2	31899	0.935785657343699	0.0494839530831472
MA0157.2	31899	0.874143096676294	0.0520939028858664
MA0646.1	31899	0.823302516102537	0.038891722063569
MA0647.1	31899	0.791515683019065	0.0455702232580827
MA0648.1	31899	0.874526505397637	0.0480812975827519
MA0649.1	31899	0.832183653428266	0.0509880425689556
MA0131.2	31899	0.821120519928793	0.0498645273235272
MA0046.2	31899	0.785807173690196	0.0528327740845894
MA0153.2	31899	0.775755747498082	0.0531220514014869
MA0651.1	31899	0.832795440764348	0.0436436322187893
MA0486.2	31899	0.779628565069406	0.0498322509640959
MA0652.1	31899	0.746003463902422	0.041728361552868
MA0653.1	31899	0.72445458680811	0.0432788729001495
MA0654.1	31899	0.896736289192769	0.0633637020123
MA0655.1	31899	0.814225351818629	0.0540909749891715
MA0656.1	31899	0.768744048352314	0.0559038802059818
MA0657.1	31899	0.754703330655131	0.0421456446399819
MA0658.1	31899	0.852452740435301	0.0508091448748908
MA0660.1	31899	0.796646313133733	0.0521590125818782
MA0661.1	31899	0.879261328712004	0.0484100430216241
MA0662.1	31899	0.904571877638605	0.0498642598225934
MA0663.1	31899	0.797662465800573	0.0511241102875888
MA0664.1	31899	0.823751927896548	0.049657913060741
MA0665.1	31899	0.839451665587518	0.0428798477583631
MA0666.1	31899	0.905704137180427	0.0503543293977912
MA0667.1	31899	0.828977828059998	0.0468178795669662
MA0668.1	31899	0.880112058457934	0.0360644957095709
MA0669.1	31899	0.83191030122945	0.0448015338732914
MA0670.1	31899	0.880583006287068	0.0665808417189239
MA0671.1	31899	0.950697967547458	0.0291326472770995
MA0048.2	31899	0.84560984015337	0.0493901096401638
MA0672.1	31899	0.897433036388388	0.0411224388486517
MA0673.1	31899	0.922464457733169	0.0332305068994564
MA0674.1	31899	0.914425074057045	0.0505022025004582
MA0675.1	31899	0.92298759775495	0.0496053605775327
MA0676.1	31899	0.879402042599248	0.0445041591792116
MA0677.1	31899	0.77467746456664	0.0429976620544468
MA0678.1	31899	0.837009164419903	0.0459156622227725
MA0068.2	31899	0.864591668116752	0.052663636388719
MA0680.1	31899	0.777243560300392	0.0594196149486687
MA0683.1	31899	0.736781187796925	0.0508879913087192
MA0512.2	31899	0.755322542772639	0.044573696227154
MA0685.1	31899	0.803833946693576	0.0579256870161794
MA0686.1	31899	0.822626950954652	0.0428542362483535
MA0687.1	31899	0.832733087556027	0.0375194216864921
MA0083.3	31899	0.721122717778395	0.0440597184797056
MA0009.2	31899	0.733777871520738	0.0405743200092353
MA0688.1	31899	0.85126793730782	0.0401552357356841
MA0689.1	31899	0.83377739625633	0.0409425456427222
MA0690.1	31899	0.833599470835653	0.0449472107498015
MA0691.1	31899	0.830233565153478	0.0511773568546639
MA0145.3	31899	0.836788969733771	0.0413087592636848
MA0692.1	31899	0.848811986585976	0.0482639190026682
MA0694.1	31899	0.811190793250274	0.0428356694037435
MA0695.1	31899	0.837162906372563	0.0385100564452515
MA0696.1	31899	0.78151198506448	0.0436248831045741
MA0697.1	31899	0.79149251750283	0.0424759678050017
MA0698.1	31899	0.828809177350075	0.044803294304081
MA0699.1	31899	0.888836822497445	0.0471319548482199
MA0704.1	31899	0.900277367434688	0.0484246263912938
MA0705.1	31899	0.906671841903544	0.0489080485964427
MA0706.1	31899	0.88711004444772	0.0467074782109584
MA0707.1	31899	0.906127131937638	0.0451657550955031
MA0708.1	31899	0.88852428809445	0.0558995283429062
MA0709.1	31899	0.897215715501512	0.0600827930752113
MA0710.1	31899	0.895917539859989	0.0469160009591612
MA0124.2	31899	0.869879626906457	0.0445339583974441
MA0711.1	31899	0.899732209053162	0.0519725569409456
MA0132.2	31899	0.917964477471823	0.0567317806268125
MA0713.1	31899	0.82687745392611	0.0540529497644049
MA0714.1	31899	0.895014216852343	0.0501453664807834
MA0715.1	31899	0.804846766859481	0.059766974985822
MA0716.1	31899	0.904113719866696	0.0569702590994041
MA0717.1	31899	0.908004015698737	0.0532891454238566
MA0718.1	31899	0.886381762390617	0.0519975886503192
MA0719.1	31899	0.970547531828447	0.0232637457713556
MA0720.1	31899	0.904638219079777	0.0574424886699032
MA0721.1	31899	0.906794114850786	0.054460109454908
MA0722.1	31899	0.905657107966899	0.0493093932186324
MA0723.1	31899	0.903337645136462	0.0484451442979702
MA0724.1	31899	0.867499891656147	0.049524391265616
MA0725.1	31899	0.890445208578001	0.0578804667494986
MA0726.1	31899	0.87529444006939	0.0594323454948994
MA0112.3	31899	0.738724899776967	0.0412285120367634
MA0141.3	31899	0.816554216669696	0.0521001665793896
MA0017.2	31899	0.83889149611474	0.0474627861382014
MA0113.3	31899	0.759420189899667	0.0429963504285018
MA0727.1	31899	0.755222246666103	0.0430680457121572
MA0728.1	31899	0.74256096544132	0.0446922514765586
MA0729.1	31899	0.725132604929209	0.0408402101071309
MA0730.1	31899	0.73687943233609	0.0395470531571183
MA0731.1	31899	0.705906258223158	0.0414272634114924
MA0472.2	31899	0.816108462062114	0.0482906043504052
MA0732.1	31899	0.789946122325904	0.0546803907397716
MA0733.1	31899	0.792479557043296	0.0443395830010147
MA0735.1	31899	0.714185795750256	0.0407389384252476
MA0736.1	31899	0.795306825385926	0.040986858872116
MA0737.1	31899	0.756860268112352	0.0382865515326685
MA0738.1	31899	0.922835212973138	0.0349278771295915
MA0739.1	31899	0.888444940027876	0.0399433596030355
MA0740.1	31899	0.829217526387241	0.054598506959534
MA0741.1	31899	0.886188183477719	0.0586093356708578
MA0742.1	31899	0.824255461422484	0.0486554593949617
MA0747.1	31899	0.884985916169794	0.0473274209302158
MA0749.1	31899	0.726374210470648	0.0393714258126327
MA0751.1	31899	0.812212947764511	0.0401246718960875
MA0088.2	31899	0.771626801186258	0.0400928247241205
MA0752.1	31899	0.715761551818669	0.0422266709291209
MA0754.1	31899	0.827557661788876	0.0541137882583881
MA0755.1	31899	0.811151230219183	0.0528191370613052
MA0756.1	31899	0.78444622639234	0.0532871932027884
MA0757.1	31899	0.78452010153917	0.0566415559167762
MA0758.1	31899	0.717304942663812	0.0451733018231976
MA0759.1	31899	0.845927459761356	0.0498267658448002
MA0760.1	31899	0.850717222306945	0.0456459920569218
MA0474.2	31899	0.868934091894164	0.0444407730364685
MA0098.3	31899	0.866316450706379	0.0454465567456405
MA0762.1	31899	0.830497597603514	0.0439297066928924
MA0763.1	31899	0.854625876853748	0.042707212517005
MA0156.2	31899	0.860517494362773	0.0462786785530321
MA0767.1	31899	0.853770178149561	0.0386026054743313
MA0768.1	31899	0.788009192876791	0.0417419004738114
MA0770.1	31899	0.793225654243227	0.0481422141205412
MA0771.1	31899	0.816998999412724	0.0452899461620392
MA0772.1	31899	0.799882287690272	0.0429991816461784
MA0773.1	31899	0.809454362938853	0.0532875876371453
MA0498.2	31899	0.964725476549882	0.0362256809590832
MA0774.1	31899	0.9000980918156	0.0491453920126038
MA0775.1	31899	0.923733492952886	0.0424032794909865
MA0776.1	31899	0.773421089465881	0.0408551578049753
MA0777.1	31899	0.738530803482714	0.0382870810070585
MA0105.4	31899	0.735317208983899	0.049959940087016
MA0778.1	31899	0.768772408405264	0.0505234921444996
MA0779.1	31899	0.764069010452838	0.0326590930524537
MA0780.1	31899	0.787694104857542	0.0598486610650138
MA0781.1	31899	0.738693081275191	0.034855099624535
MA0783.1	31899	0.7583286562044	0.0481106017290993
MA0784.1	31899	0.785660299458784	0.0530496703081386
MA0785.1	31899	0.833228732539352	0.0521422754131537
MA0786.1	31899	0.833975994303633	0.054515456032934
MA0787.1	31899	0.822327325306256	0.0545458287084354
MA0788.1	31899	0.816019776657828	0.0525515884762728
MA0789.1	31899	0.848386538147451	0.0586607015345448
MA0790.1	31899	0.787601641033335	0.0564531995036187
MA0791.1	31899	0.765349627458229	0.0546067200525817
MA0792.1	31899	0.86781439856089	0.0533978569804941
MA0793.1	31899	0.848556389569792	0.0530156994099144
MA0794.1	31899	0.785591081537146	0.0406829846892342
MA0600.2	31899	0.746073048159909	0.0474727297172005
MA0795.1	31899	0.793053588660428	0.0475826852736456
MA0796.1	31899	0.734795543027909	0.0508364789536988
MA0797.1	31899	0.765684088052856	0.0470357980285937
MA0799.1	31899	0.791855245136917	0.0422740380868174
MA0510.2	31899	0.738491730206381	0.0479023088631793
MA0511.2	31899	0.860337698975635	0.0442677968025924
MA0800.1	31899	0.819110000631521	0.0422064809682352
MA0801.1	31899	0.88519377701878	0.045325527420979
MA0802.1	31899	0.836233770755928	0.0448377137152078
MA0803.1	31899	0.865920922011217	0.0503035667588095
MA0804.1	31899	0.716706074200847	0.0382745278658101
MA0805.1	31899	0.86702134528726	0.0502161801289826
MA0806.1	31899	0.892396751065026	0.0434444143707863
MA0807.1	31899	0.899864265327489	0.0408903493964975
MA0808.1	31899	0.908724081711176	0.0480088758564667
MA0810.1	31899	0.878821629474826	0.0446253815674753
MA0811.1	31899	0.865456207783269	0.0437350874434448
MA0812.1	31899	0.861475594475619	0.0503630981479518
MA0813.1	31899	0.824199197025319	0.0517245137631556
MA0524.2	31899	0.861647836629275	0.0434917559289973
MA0815.1	31899	0.815636199595087	0.0538456507446997
MA0816.1	31899	0.861092918797406	0.047413263057512
MA0461.2	31899	0.862941285599519	0.0432196650258613
MA0464.2	31899	0.832820004265195	0.0556309225296166
MA0817.1	31899	0.808616854838862	0.0487541387386823
MA0818.1	31899	0.835914675969217	0.0471108771848658
MA0819.1	31899	0.84059336567477	0.0422523108966078
MA0820.1	31899	0.892290600231118	0.0437004353045291
MA0821.1	31899	0.763644389441108	0.0493904246307654
MA0822.1	31899	0.743500212474741	0.0509267346663308
MA0823.1	31899	0.823322869620524	0.0560728700043627
MA0058.3	31899	0.853718039287617	0.0528085122932546
MA0825.1	31899	0.862183022956467	0.0505058170865139
MA0826.1	31899	0.820633083840208	0.0487544735118246
MA0827.1	31899	0.857881288070577	0.0414220542963908
MA0828.1	31899	0.805023569399714	0.0502388504005068
MA0832.1	31899	0.770342759280291	0.0458319389105082
MA0834.1	31899	0.758439561683274	0.0542624390138534
MA0466.2	31899	0.842080053430105	0.0415652263541135
MA0837.1	31899	0.849759782057915	0.0400023134134675
MA0838.1	31899	0.804993577221567	0.0438249800955095
MA0839.1	31899	0.754965601549576	0.0405907639311672
MA0840.1	31899	0.789926460496	0.0549715481640268
MA0117.2	31899	0.845938989398365	0.0404826025968117
MA0841.1	31899	0.793949682764918	0.0507934391675217
MA0843.1	31899	0.813520580614739	0.0475675472631763
MA0844.1	31899	0.774941159287697	0.0398328035790484
MA0845.1	31899	0.853698350793511	0.0520439160127307
MA0032.2	31899	0.88173057537443	0.0493240495489507
MA0846.1	31899	0.877717276154002	0.0506700868265671
MA0848.1	31899	0.919113077396151	0.0481871344822521
MA0849.1	31899	0.905155570762092	0.0524164228734521
MA0850.1	31899	0.946472053866812	0.033772624578988
MA0851.1	31899	0.837353182844193	0.0499357495857373
MA0853.1	31899	0.783862137408454	0.0466395391271059
MA0854.1	31899	0.788914457489599	0.0482646911681069
MA0855.1	31899	0.752138082027875	0.0447118834442247
MA0856.1	31899	0.762659938369231	0.0438599880998259
MA0857.1	31899	0.718571518039336	0.0446850505542527
MA0858.1	31899	0.732372812804911	0.0408103089801863
MA0859.1	31899	0.736341215960724	0.0444105812931043
MA0860.1	31899	0.72223287768972	0.041157731546325
MA0525.2	31899	0.726638252347112	0.0366360879249744
MA0106.3	31899	0.734798147735504	0.0363140227388912
MA0861.1	31899	0.770631509183809	0.0380460316116964
MA0862.1	31899	0.839130697491029	0.0461243844252619
MA0863.1	31899	0.746652105415373	0.0384894507452205
MA0024.3	31899	0.780172684023581	0.0431527063889289
MA0865.1	31899	0.755404904307815	0.0450273880300763
MA0866.1	31899	0.737513601772993	0.0471999387266194
MA0869.1	31899	0.704965137933857	0.0493249541535421
MA0870.1	31899	0.738358941550124	0.0470617482320349
MA0872.1	31899	0.810279255096408	0.0551018249562563
MA0028.2	31899	0.822868002494308	0.0555616743461124
MA0873.1	31899	0.822181482214058	0.0426948535028672
MA0874.1	31899	0.776397463188611	0.0460050133412723
MA0875.1	31899	0.928603361085949	0.0469745765393997
MA0876.1	31899	0.933354630697789	0.0435382925035833
MA0879.1	31899	0.900959916623337	0.0454049437682133
MA0880.1	31899	0.918378411872373	0.0540994027223341
MA0881.1	31899	0.917650164573277	0.052238067362902
MA0882.1	31899	0.917436207779056	0.0530327987210949
MA0883.1	31899	0.821214952156025	0.0396851310773005
MA0884.1	31899	0.827266503733153	0.0453930159569523
MA0885.1	31899	0.913481264522083	0.0610097179444483
MA0886.1	31899	0.872581477092492	0.0517457033307568
MA0887.1	31899	0.892493417766944	0.0416027435222196
MA0888.1	31899	0.890814630529967	0.0424896530973011
MA0889.1	31899	0.862160777370077	0.0523808308169883
MA0890.1	31899	0.879704256476235	0.0557969285888029
MA0891.1	31899	0.887658712332498	0.0434703426570869
MA0892.1	31899	0.906984763777562	0.0401837311253606
MA0894.1	31899	0.876952925881845	0.0564723206285015
MA0895.1	31899	0.87414748422837	0.0419746544683919
MA0896.1	31899	0.795483057521902	0.0400650970171571
MA0897.1	31899	0.779024560995066	0.0426018007236126
MA0898.1	31899	0.777021729154386	0.0426101661369777
MA0899.1	31899	0.875869121432506	0.0483741675272013
MA0903.1	31899	0.917444745962009	0.0451706258248619
MA0905.1	31899	0.873243632023588	0.045330338878498
MA0906.1	31899	0.816189061196766	0.0432718010407454
MA0907.1	31899	0.820476976829509	0.0457625768928097
MA0908.1	31899	0.857336011316295	0.044530771376929
MA0911.1	31899	0.836188886529567	0.0403269725411625
MA0914.1	31899	0.903852923777539	0.0415400326103994
MA0852.2	31899	0.837780765371108	0.0445545588595485
MA0036.3	31899	0.868912413755011	0.0518751523411743
MA1106.1	31899	0.851636645526648	0.0555135332606771
MA0147.3	31899	0.828465955013123	0.0525231403965409
MA0100.3	31899	0.89907489425248	0.0602202006250889
MA0104.4	31899	0.806852842068602	0.0530851567901304
MA1109.1	31899	0.855412211947733	0.0450845266229658
MA0161.2	31899	0.869009600346535	0.0502571619157952
MA0060.3	31899	0.850988254942405	0.0551455183101611
MA1110.1	31899	0.833309359642305	0.0475188657589778
MA1111.1	31899	0.865305212893106	0.0499950992346457
MA0014.3	31899	0.824294141066326	0.0446515414616235
MA1114.1	31899	0.784779926730282	0.045118461651112
MA1115.1	31899	0.863175068418206	0.0556302081164907
MA1116.1	31899	0.924792195826066	0.0577696315830997
MA1117.1	31899	0.848692610545617	0.0460793711233742
MA1118.1	31899	0.827412029840547	0.0438893617357308
MA1119.1	31899	0.773984505236261	0.0408480626902224
MA0442.2	31899	0.898043531371089	0.0535605667636904
MA1120.1	31899	0.874748169827461	0.0524976618788511
MA1121.1	31899	0.836163230915279	0.0462156974325221
MA1122.1	31899	0.853653894102909	0.0588408451689597
MA0750.2	31899	0.84085143051973	0.052299023199509
MA0103.3	31899	0.896054014968228	0.0552856630461745
MA1124.1	31899	0.754393865047412	0.053242101164313
MA1125.1	31899	0.888058288841824	0.0828376990370214
MA1154.1	31899	0.762341910981882	0.0359577923017987
MA1155.1	31899	0.768501115154218	0.0428682983932263
MA0037.3	31899	0.910992048730682	0.051211797421307
MA0099.3	31899	0.8484282176101	0.047885937273336
MA1126.1	31899	0.777817268984075	0.0440156857019065
MA1127.1	31899	0.785968161879143	0.0529236072118675
MA1128.1	31899	0.836965857167683	0.0476483870871221
MA1129.1	31899	0.795700382406493	0.0525669602530244
MA1130.1	31899	0.843442230511031	0.0478711908061193
MA1131.1	31899	0.809280627783236	0.0517296842157813
MA1132.1	31899	0.851270196886133	0.0439870875128576
MA1133.1	31899	0.79970421793486	0.0496079253289864
MA1134.1	31899	0.828971688339732	0.0491327703323626
MA1135.1	31899	0.844246002353906	0.0500894276764099
MA1136.1	31899	0.809505753739975	0.0513397420693482
MA1137.1	31899	0.834492386231534	0.0454974508608601
MA1138.1	31899	0.840987888899145	0.0515131920674379
MA1139.1	31899	0.782269630024602	0.0548238246319042
MA1141.1	31899	0.827909043049567	0.0480002223518974
MA1142.1	31899	0.869437901971527	0.043305332207468
MA1143.1	31899	0.838990576575498	0.0455019622997248
MA1144.1	31899	0.839995222633959	0.0501290814329486
MA1145.1	31899	0.786854149278912	0.0506820828121507
MA1146.1	31899	0.778896180276775	0.035263961157736
MA1147.1	31899	0.791951416901525	0.0348593504359707
MA1148.1	31899	0.784276715540688	0.0340291517502233
MA1149.1	31899	0.808045540004103	0.0353430097696234
MA1150.1	31899	0.862016898252486	0.0401198956216354
MA1151.1	31899	0.864865963249652	0.0381817769759313
MA1152.1	31899	0.915699459553781	0.0416989849761003
MA0831.2	31899	0.879747604453845	0.0501036418007126
MA0693.2	31899	0.919624022664521	0.0481076229315856
MA1153.1	31899	0.897376349308597	0.0562258593096147
MA1418.1	31899	0.735851967797542	0.039889968130724
MA1419.1	31899	0.73143349104443	0.0411143107350012
MA1420.1	31899	0.772821232324473	0.0371081824113969
MA1421.1	31899	0.80904457617277	0.042502405803757
MA1463.1	31899	0.835976471648533	0.0623293203333873
MA1464.1	31899	0.827190696638164	0.0564647062584069
MA1466.1	31899	0.753424081011617	0.0418422799760218
MA1467.1	31899	0.857055709190997	0.0437690336077526
MA1468.1	31899	0.881149411607098	0.0373739075049917
MA1101.2	31899	0.744649321730634	0.0434140684613449
MA1470.1	31899	0.725628848870256	0.0373344907987595
MA1471.1	31899	0.86678142685324	0.0492489014054892
MA1472.1	31899	0.898643018844162	0.040224466854435
MA1473.1	31899	0.841102682014473	0.0495040547154607
MA1474.1	31899	0.808112507933595	0.042595460934148
MA1475.1	31899	0.798254801647371	0.0504143359467472
MA1476.1	31899	0.889988960308113	0.0686954096208958
MA1478.1	31899	0.848121017738639	0.0413620463638208
MA1479.1	31899	0.820764377450113	0.0440376212529906
MA1480.1	31899	0.841746721175257	0.0453140784301707
MA1481.1	31899	0.910854817786795	0.0553401357788957
MA1483.1	31899	0.809233421430817	0.0476760220796295
MA1484.1	31899	0.866571316043843	0.0471620357346774
MA1485.1	31899	0.786348850471918	0.0427211165746498
MA1487.1	31899	0.828146047578194	0.0484678384425348
MA1489.1	31899	0.824003103545566	0.0716645617732784
MA1491.1	31899	0.796333365187372	0.0399510514801531
MA1493.1	31899	0.822077942375716	0.0419838772161907
MA1494.1	31899	0.758416259591071	0.0418817415277876
MA1495.1	31899	0.912438546892858	0.0429227248882979
MA1496.1	31899	0.931663086283094	0.0386267635158297
MA1497.1	31899	0.886032093525132	0.0397091564731521
MA1498.1	31899	0.919421277885667	0.0441790224484673
MA1499.1	31899	0.910874300772336	0.0593591730518206
MA1500.1	31899	0.926519856742262	0.0396843771915927
MA1501.1	31899	0.872442460897198	0.0418453480150106
MA1502.1	31899	0.915000679076017	0.0484285417712983
MA1503.1	31899	0.832311693815457	0.0468506865992084
MA1504.1	31899	0.93515032759239	0.0526926606904118
MA1505.1	31899	0.914122351809738	0.0405380927840942
MA1506.1	31899	0.814326637589208	0.0444147504618574
MA1507.1	31899	0.929376646057702	0.0569199267244023
MA1508.1	31899	0.865206462264304	0.0451213959790427
MA1509.1	31899	0.819664702077629	0.0424100846016594
MA1511.1	31899	0.879097561974833	0.0492978492185571
MA1512.1	31899	0.879400030366472	0.0544722683156662
MA1513.1	31899	0.865039572893541	0.0898089581604548
MA1514.1	31899	0.800379175608426	0.0459930338337482
MA1515.1	31899	0.906917655911674	0.0535637198544002
MA1516.1	31899	0.854613051317658	0.0571222967515552
MA1517.1	31899	0.894373262442494	0.0516172839897713
MA1518.1	31899	0.923527684703757	0.0377609144515517
MA1519.1	31899	0.885338618860687	0.0621561726234432
MA1520.1	31899	0.77518279345049	0.0385958500747506
MA1521.1	31899	0.779633219421345	0.0390480384913892
MA1522.1	31899	0.890662243136068	0.0691653032979602
MA1523.1	31899	0.877107192828328	0.0403317322731811
MA1524.1	31899	0.87808975856729	0.0429471128793337
MA1525.1	31899	0.896115177898321	0.0436561054956453
MA1527.1	31899	0.763494018489706	0.0474880141290204
MA1528.1	31899	0.773090442598711	0.0463576308847701
MA1529.1	31899	0.745995477800174	0.0428666341271661
MA1530.1	31899	0.899886445660005	0.0474936198792704
MA1531.1	31899	0.792358001830692	0.0375458069960779
MA1532.1	31899	0.821317654120633	0.0322803111069829
MA1533.1	31899	0.801655903774218	0.032317570134522
MA1534.1	31899	0.886983186151449	0.0449612914752784
MA1535.1	31899	0.939205166169691	0.0492848478961942
MA1536.1	31899	0.968368370218527	0.0270179148212602
MA1537.1	31899	0.779963531080894	0.0419243059225777
MA1538.1	31899	0.758383831054257	0.040934320215452
MA1539.1	31899	0.744511948894029	0.0419637006471898
MA1540.1	31899	0.878819435589366	0.0468756684040539
MA1541.1	31899	0.782363113086371	0.0419201316764394
MA1542.1	31899	0.861469019822321	0.0436223558830738
MA1544.1	31899	0.781667213468886	0.0429230045199147
MA1545.1	31899	0.81468839430309	0.0416211911987869
MA1546.1	31899	0.772136968536643	0.0336221996308851
MA1547.1	31899	0.895909258373254	0.0610594772794218
MA1548.1	31899	0.852518373362851	0.0597334544200837
MA1549.1	31899	0.877236910756728	0.047325447735142
MA1550.1	31899	0.782120261059101	0.0403563310617734
MA1552.1	31899	0.773935283599659	0.0377692334046548
MA1553.1	31899	0.764584643317608	0.038579747639013
MA1554.1	31899	0.903871553656449	0.0334441794399197
MA1555.1	31899	0.782019598208245	0.0391046177001586
MA1556.1	31899	0.777265377928477	0.040662529554985
MA1557.1	31899	0.812780685396975	0.0439280215993389
MA1558.1	31899	0.902221274928905	0.0485475199338543
MA1559.1	31899	0.863404335410785	0.0474149868624469
MA1560.1	31899	0.823760825145241	0.0537776700898185
MA1561.1	31899	0.803805250585782	0.0417470016131207
MA1562.1	31899	0.817050455413206	0.0448545844232303
MA1563.1	31899	0.94036656112198	0.0282241970524145
MA1564.1	31899	0.87716047152623	0.0589332268818232
MA1565.1	31899	0.839868754498107	0.0407925164274093
MA1566.1	31899	0.90293868303988	0.0342904931619007
MA1567.1	31899	0.880755575877978	0.0388468560313822
MA1568.1	31899	0.839685121094278	0.0379016726561068
MA1569.1	31899	0.880942193142149	0.0577645967892689
MA1570.1	31899	0.896387151871432	0.0404818115708014
MA1571.1	31899	0.778808693495022	0.044074359837874
MA1572.1	31899	0.786669449175669	0.043486707611747
MA1573.1	31899	0.738700642123891	0.0548901092536689
MA1574.1	31899	0.820260909869796	0.0363669664332157
MA1575.1	31899	0.756648086189649	0.0390532417361782
MA1576.1	31899	0.762048648281175	0.0345647114188225
MA1577.1	31899	0.903113026133078	0.0663780226169144
MA1578.1	31899	0.890100826091043	0.06068099650029
MA1579.1	31899	0.86721009493733	0.0491570201656291
MA1580.1	31899	0.830428017643734	0.0512152928646718
MA1581.1	31899	0.842588825397243	0.0459854395707888
MA1583.1	31899	0.829716326487084	0.0500347581252093
MA1584.1	31899	0.779337900517978	0.0442143668730035
MA1585.1	31899	0.826107529648781	0.0487369370155471
MA1587.1	31899	0.796535181508717	0.0435967742668727
MA1588.1	31899	0.763399687050317	0.0393145333572087
MA1589.1	31899	0.704838075340669	0.0341215155904768
MA1592.1	31899	0.805789967044177	0.036407023597612
MA1593.1	31899	0.833879219583175	0.0452780583081529
MA1594.1	31899	0.70506875782891	0.029675631962901
MA1596.1	31899	0.785174402797107	0.0656642708913055
MA1597.1	31899	0.729972063550892	0.0390926842006346
MA1599.1	31899	0.77652834285369	0.0488186511535761
MA1600.1	31899	0.746595206538817	0.0347808724457126
MA1601.1	31899	0.866879796755203	0.0507288577934945
MA1602.1	31899	0.817478483704553	0.045193651429901
MA1603.1	31899	0.807774916669623	0.0463605386067643
MA1604.1	31899	0.821688676315502	0.0504383341043155
MA1606.1	31899	0.872492850077149	0.0549545023341596
MA1607.1	31899	0.83183926982865	0.0508568848667374
MA1608.1	31899	0.862273199312435	0.0500982975121256
MA1615.1	31899	0.836258220264776	0.0534707562677032
MA1616.1	31899	0.80324864279661	0.0414692255566861
MA1618.1	31899	0.857631125235423	0.0486662909456538
MA1619.1	31899	0.856140653445669	0.0528518300308862
MA1620.1	31899	0.864523146650881	0.0480074725029661
MA1621.1	31899	0.859704937393897	0.0470308330335213
MA1622.1	31899	0.83479489919838	0.0524638297709245
MA1623.1	31899	0.840891404040328	0.0499734840118911
MA1624.1	31899	0.847100023489673	0.0486835350849017
MA1625.1	31899	0.833626202652696	0.0518791890088988
MA1627.1	31899	0.843294247550398	0.0571542922107708
MA1628.1	31899	0.886585765404218	0.0510459985661144
MA1629.1	31899	0.824450792719902	0.0469744254124423
MA1630.1	31899	0.836241982281679	0.0617991651757083
MA1100.2	31899	0.894113833854847	0.0428846216899187
MA0605.2	31899	0.768274681777206	0.0584606635138613
MA0877.2	31899	0.918584601296811	0.0349243436996592
MA0462.2	31899	0.837212329460571	0.0522195762094112
MA0463.2	31899	0.775123482653148	0.0395153932295564
MA0878.2	31899	0.830418850385869	0.0490647325479287
MA0864.2	31899	0.766135696425188	0.0397415734174125
MA0469.3	31899	0.717896454463627	0.0385373434486524
MA0470.2	31899	0.76006346920095	0.0416138930999193
MA0612.2	31899	0.887301942150774	0.0566461750193026
MA0847.2	31899	0.863719196512133	0.0450543241354759
MA0766.2	31899	0.887239248081257	0.0492300057506819
MA0038.2	31899	0.829023214011574	0.0430429438907356
MA0734.2	31899	0.779161236111127	0.0409501559378547
MA0893.2	31899	0.931862272660015	0.0408560850289749
MA1099.2	31899	0.863924110390395	0.0583144967146863
MA0616.2	31899	0.822120061660657	0.0580323859798937
MA0650.2	31899	0.837508498237903	0.0475526477363865
MA0900.2	31899	0.889327172776624	0.061130159355313
MA0158.2	31899	0.907397658101652	0.0473201099094849
MA0594.2	31899	0.889832763451432	0.0372497479202406
MA0902.2	31899	0.920794244872106	0.0471387911533356
MA0904.2	31899	0.899276310643653	0.0497585517234665
MA0485.2	31899	0.823645481943559	0.0481612731939861
MA0909.2	31899	0.845616555394536	0.0422982584942592
MA0912.2	31899	0.868112836737134	0.0539463608489506
MA0910.2	31899	0.909352383657749	0.047807211793322
MA0913.2	31899	0.866468738423946	0.050947485812213
MA1140.2	31899	0.746810304549836	0.0546305761235798
MA0701.2	31899	0.882457430254633	0.0574003505772792
MA0702.2	31899	0.862645185613504	0.0659928896051166
MA0703.2	31899	0.817699379975901	0.0677292019746328
MA0623.2	31899	0.834812725963389	0.0474990602954892
MA0842.2	31899	0.812321728568683	0.0420297799819985
MA0682.2	31899	0.893727048933959	0.0610138803561
MA0075.3	31899	0.872754402960644	0.0654987708523682
MA0867.2	31899	0.907474722798743	0.0437855103185141
MA0868.2	31899	0.874425110981443	0.0436529758183845
MA0079.4	31899	0.824818149130318	0.0600685283613323
MA0516.2	31899	0.803185178383081	0.0509907702908491
MA0746.2	31899	0.864078985814565	0.059153524024583
MA0632.2	31899	0.84492483785608	0.0601107624020345
MA0871.2	31899	0.818848095566948	0.0558037706151203
MA0753.2	31899	0.82683108882711	0.067130072673178
MA0122.3	31899	0.824247612220805	0.0481537663844122
MA1631.1	31899	0.857177284342307	0.0502229350534198
MA1632.1	31899	0.817730180258589	0.0538328197249321
MA1633.1	31899	0.800152432244732	0.0494280550413267
MA1634.1	31899	0.838999499681144	0.0523632802400346
MA1635.1	31899	0.880180225760673	0.0650532836435791
MA1636.1	31899	0.797966675898891	0.0442085676690399
MA1637.1	31899	0.82101720364069	0.0517888568499663
MA1638.1	31899	0.900729119195473	0.060888653525765
MA1639.1	31899	0.831857172932993	0.0492100222585591
MA1640.1	31899	0.807384223895157	0.0503837900838342
MA1641.1	31899	0.84793673031883	0.0523384744320149
MA1642.1	31899	0.866827036792782	0.0471761841980838
MA1643.1	31899	0.728539644139131	0.0429273923410994
MA1644.1	31899	0.852009496565724	0.0550915095149421
MA1645.1	31899	0.845151504452502	0.0436990846881114
MA1646.1	31899	0.872606818916731	0.0470535261208808
MA1647.1	31899	0.881016053441828	0.046122481143397
MA1648.1	31899	0.888683840123357	0.0517072583923189
MA1649.1	31899	0.880606772858908	0.0526257241015815
MA1650.1	31899	0.821365441902467	0.0658888988627145
MA1651.1	31899	0.758655378030558	0.0464537332016495
MA1652.1	31899	0.842673717600689	0.0460919268869295
MA1653.1	31899	0.863589028625575	0.0717812561081995
MA1654.1	31899	0.717578901104334	0.0319178167780017
MA1655.1	31899	0.849225671996363	0.0461593311988547
MA1656.1	31899	0.818012444809118	0.0453160191101717
MA1657.1	31899	0.814528764507248	0.0505799143536681
MA1683.1	31899	0.870707613720054	0.0525537491258069
MA0833.2	31899	0.799871721184383	0.0463561500619366
MA0835.2	31899	0.836697727256576	0.0509126858129568
MA0465.2	31899	0.839575126882333	0.0518761197017774
MA0102.4	31899	0.803215784784231	0.0454414408331686
MA0836.2	31899	0.818059122741779	0.0467013356738359
MA0018.4	31899	0.829757867792164	0.0583860452994231
MA1102.2	31899	0.84379452209415	0.0596442061124421
MA0471.2	31899	0.859682400649709	0.050512922039032
MA0154.4	31899	0.799909032913039	0.0477034643509984
MA0162.4	31899	0.824019951303238	0.0610483684774604
MA0598.3	31899	0.830541846888183	0.0448244303854604
MA0473.3	31899	0.832166310017737	0.0465666940544103
MA0640.2	31899	0.845523965073648	0.044536708273915
MA0592.3	31899	0.817514975221424	0.0520208231336814
MA0761.2	31899	0.841905321411713	0.0456316658133077
MA0764.2	31899	0.916221219357158	0.0543385010114462
MA0765.2	31899	0.868659037025576	0.0494717084387945
MA0477.2	31899	0.825233121596104	0.0527962953102719
MA0148.4	31899	0.841141162599342	0.0512522810163899
MA0047.3	31899	0.868004709481395	0.0525624492682695
MA1103.2	31899	0.868591392760187	0.0525625536638844
MA0481.3	31899	0.874473075829605	0.0525705447531935
MA0062.3	31899	0.83283231310851	0.0458104838760131
MA0035.4	31899	0.856362389249743	0.0468074881359027
MA0482.2	31899	0.845926465375482	0.045692668552459
MA1104.2	31899	0.828514466496154	0.0477536090523991
MA1105.2	31899	0.826292677252099	0.0472010321736825
MA0043.3	31899	0.818709718593467	0.0493718195267646
MA0114.4	31899	0.818252546823867	0.0474242193270337
MA0484.2	31899	0.822017268870247	0.0469094466837503
MA0901.2	31899	0.828155582744789	0.0548125825659772
MA0490.2	31899	0.813483595283789	0.0536080985084806
MA0491.2	31899	0.815451373547963	0.0534060559468806
MA0039.4	31899	0.896186789987052	0.0627818027980144
MA1107.2	31899	0.819722857232642	0.0537722034162447
MA0700.2	31899	0.855731559231835	0.0559166824485554
MA0495.3	31899	0.783409893957035	0.0431279801744423
MA0659.2	31899	0.786813593004739	0.0425143786306273
MA0496.3	31899	0.777082063150911	0.0469851300620979
MA0052.4	31899	0.819636258067791	0.0510133017693626
MA0620.3	31899	0.783195350053951	0.0481675528821077
MA1108.2	31899	0.909403379952875	0.0616827250182496
MA0499.2	31899	0.849296474611543	0.0452091906390027
MA0500.2	31899	0.851969542514796	0.0580500540309112
MA0056.2	31899	0.846005824469283	0.0461026946323769
MA0089.2	31899	0.773946612656688	0.0442810923329171
MA0025.2	31899	0.821460727446395	0.0520424820822229
MA0502.2	31899	0.826172962844341	0.0509768729509902
MA0063.2	31899	0.876368240796227	0.0454875065409674
MA1112.2	31899	0.862969421932926	0.0483460462477683
MA0679.2	31899	0.783043300103951	0.0603707275370445
MA0712.2	31899	0.867475033196512	0.0527834711932988
MA1113.2	31899	0.821280629977076	0.0532824922003071
MA0681.2	31899	0.772694042033113	0.0620202152260229
MA0782.2	31899	0.804131477315802	0.0480282562345855
MA0627.2	31899	0.82325695652227	0.056315245787483
MA0508.3	31899	0.888373943588588	0.0518125080319083
MA0509.2	31899	0.804961037636668	0.0463100206692238
MA0798.2	31899	0.800292446447685	0.0462806906922043
MA0684.2	31899	0.864891453479781	0.0476975389844234
MA0743.2	31899	0.79209831118095	0.0416806311589927
MA0744.2	31899	0.794205460388259	0.0417783146377697
MA0745.2	31899	0.841921263354267	0.0477789632269769
MA0143.4	31899	0.869411667221184	0.048749481053554
MA0080.5	31899	0.782113715588323	0.0410287162629827
MA0081.2	31899	0.804003983204083	0.0415811899910584
MA0829.2	31899	0.796266247408908	0.0462648405292782
MA0522.3	31899	0.889458356604644	0.0512187805283872
MA0830.2	31899	0.854568617628542	0.0500282789342961
MA0769.2	31899	0.876429092709609	0.051025072177473
MA0090.3	31899	0.829390992759655	0.0473264171257777
MA0809.2	31899	0.849309524923152	0.0473304302826081
MA0003.4	31899	0.831018053515316	0.0521253914595811
MA0814.2	31899	0.831902321155892	0.053018764777085
MA1123.2	31899	0.853895365184816	0.0463173297928695
MA0093.3	31899	0.803830382932043	0.0482919097510798
MA0526.3	31899	0.803452412319148	0.0490808307727093
MA0748.2	31899	0.831337120343479	0.0543493342748721
MA0528.2	31899	0.869757849283423	0.0574059518680735
MA0609.2	31899	0.753735406123553	0.0550867357329643
