[SHORT TFBS MATRIX]
MA0004.1	31639	0.825626330954213	0.0752365576931902
MA0006.1	31639	0.881116678962324	0.0702953008337099
MA0019.1	31639	0.795915689154622	0.0450011171587015
MA0029.1	31639	0.719349655986513	0.0606716747688053
MA0030.1	31639	0.743184275273016	0.0647382220022605
MA0031.1	31639	0.79878575663559	0.0729123546594054
MA0040.1	31639	0.771473124511389	0.0701716446440561
MA0041.1	31639	0.803844874863598	0.0686244232138644
MA0051.1	31639	0.725496279343401	0.050058890637097
MA0057.1	31639	0.886084848320235	0.0444682762974013
MA0059.1	31639	0.769110982145236	0.0536278203348809
MA0066.1	31639	0.72025339672261	0.0365166494796776
MA0067.1	31639	0.906545400369833	0.0440730537046784
MA0069.1	31639	0.745052207570519	0.0420281015908374
MA0070.1	31639	0.7594192869366	0.0573819984254164
MA0071.1	31639	0.792403356224967	0.0600631597795199
MA0072.1	31639	0.735761139832258	0.0570454163245951
MA0073.1	31639	0.770569415350287	0.0546623181736188
MA0074.1	31639	0.731360725853011	0.0430900536353633
MA0077.1	31639	0.818105084597824	0.0581319030469548
MA0078.1	31639	0.846255935537619	0.0629656551147192
MA0084.1	31639	0.840896817422148	0.0688538624348335
MA0087.1	31639	0.825986302371626	0.0784688393625105
MA0091.1	31639	0.785840629780348	0.0516361486926113
MA0092.1	31639	0.857003372283827	0.0446632757596897
MA0101.1	31639	0.839325121647828	0.0502951927997285
MA0107.1	31639	0.790558613337488	0.0579320202636927
MA0108.2	31639	0.790009838986985	0.0660672072579146
MA0109.1	31639	0.923739731737158	0.0471816312870554
MA0111.1	31639	0.845933665473934	0.034850006410101
MA0115.1	31639	0.649609674952142	0.0487583170896009
MA0116.1	31639	0.800123629126478	0.0465095931828713
MA0119.1	31639	0.709299149492996	0.0535078835936474
MA0125.1	31639	0.822243693850156	0.0697061785770839
MA0130.1	31639	0.935631972420341	0.0521287035822608
MA0135.1	31639	0.737265437904972	0.0748072474420756
MA0139.1	31639	0.757948236125672	0.0463645933152828
MA0142.1	31639	0.720010396612566	0.06030635986398
MA0149.1	31639	0.658887950250035	0.0579249455155162
MA0138.2	31639	0.668213309707615	0.0411753749724613
MA0002.2	31639	0.82865133377011	0.0486185662908486
MA0065.2	31639	0.788562454362791	0.0404560483142923
MA0151.1	31639	0.844931138953092	0.0937320243600731
MA0152.1	31639	0.866413317571413	0.0617211956344848
MA0155.1	31639	0.830805440274482	0.0449387870161775
MA0159.1	31639	0.77723738484492	0.0366696927650738
MA0160.1	31639	0.866807773514837	0.0500460672906821
MA0163.1	31639	0.771433387485648	0.0545475509125325
MA0164.1	31639	0.795905796014568	0.0788424287896213
MA0259.1	31639	0.859227010752123	0.0649434876378498
MA0146.2	31639	0.818423457865267	0.0663559139303648
MA0467.1	31639	0.790127851095214	0.0500517745365656
MA0468.1	31639	0.766395302933846	0.0641336705995701
MA0476.1	31639	0.787232197649719	0.0648184018786538
MA0478.1	31639	0.791649510383989	0.0585925498070167
MA0479.1	31639	0.788369605274943	0.0618559355911058
MA0480.1	31639	0.800426823366569	0.0611679543529776
MA0483.1	31639	0.809382984229692	0.0544818049512457
MA0488.1	31639	0.767481212181339	0.0613455441584923
MA0489.1	31639	0.771075216422092	0.058659658691467
MA0492.1	31639	0.768058496038824	0.0599825966941705
MA0493.1	31639	0.846261929823054	0.05944689980372
MA0494.1	31639	0.771682885736962	0.0365443646111958
MA0497.1	31639	0.765308199833127	0.0659428472911475
MA0501.1	31639	0.72099368371321	0.0504097016495366
MA0503.1	31639	0.830177197626353	0.0461844200988024
MA0504.1	31639	0.802015792059664	0.0414833083257931
MA0505.1	31639	0.752091820770083	0.0497695513122368
MA0506.1	31639	0.817289976094624	0.0765714279054951
MA0507.1	31639	0.739554102875723	0.0745845176368306
MA0513.1	31639	0.78041858277541	0.0491826350819807
MA0514.1	31639	0.843571839465119	0.0571891462270236
MA0515.1	31639	0.833548855741685	0.0596635893312049
MA0517.1	31639	0.748538348483614	0.0606841779839635
MA0518.1	31639	0.804388907577986	0.0554750778471177
MA0519.1	31639	0.817966403143109	0.0574944441729011
MA0520.1	31639	0.779280872150841	0.05961741442909
MA0521.1	31639	0.83260903957625	0.0595917136045176
MA0523.1	31639	0.787853048779677	0.0544942201975263
MA0527.1	31639	0.74678314306665	0.056645531621183
MA0076.2	31639	0.828683034388878	0.0624958166667682
MA0258.2	31639	0.776808285697059	0.0437279585926516
MA0050.2	31639	0.712111950826595	0.0628786136800781
MA0150.2	31639	0.722505881116779	0.0489692432415155
MA0137.3	31639	0.794846381746085	0.0610944622899674
MA0144.2	31639	0.828083982611755	0.0564467279755597
MA0140.2	31639	0.736330907644236	0.0541020663568773
MA0095.2	31639	0.763946200292311	0.0618834043834961
MA0591.1	31639	0.74274027165538	0.0464623599770347
MA0593.1	31639	0.788590422235872	0.0734056474254708
MA0595.1	31639	0.824464423948499	0.0500498805784654
MA0596.1	31639	0.805335245915582	0.0516526337028984
MA0597.1	31639	0.902917164861787	0.0351206800204192
MA0599.1	31639	0.903917650208819	0.0731236589201963
MA0601.1	31639	0.741109485285544	0.0995161882118818
MA0602.1	31639	0.738295983422818	0.0754313633759761
MA0603.1	31639	0.786574122544305	0.065632986339842
MA0604.1	31639	0.813686250623896	0.0620678504204892
MA0606.1	31639	0.835452681675445	0.0610205508581741
MA0607.1	31639	0.827020394471654	0.0573690382325375
MA0608.1	31639	0.801795010645705	0.0591125879236165
MA0610.1	31639	0.757636399308897	0.0641816298392895
MA0611.1	31639	0.816725073052279	0.0817809507129616
MA0613.1	31639	0.7866732214219	0.0826759779813837
MA0614.1	31639	0.815922921375551	0.0760362972475206
MA0615.1	31639	0.794352726907789	0.0488650262509036
MA0618.1	31639	0.812243036496566	0.0681173314949753
MA0619.1	31639	0.801651242431563	0.0897442482976727
MA0621.1	31639	0.711861817787117	0.097521891822855
MA0622.1	31639	0.783983023685163	0.0813065095988434
MA0624.1	31639	0.846267900097967	0.0567020776905818
MA0625.1	31639	0.826960540374444	0.0589934559095414
MA0626.1	31639	0.807405489224696	0.0628663345616334
MA0628.1	31639	0.7274833484785	0.0830375309102837
MA0629.1	31639	0.769274417428948	0.0463753286128273
MA0630.1	31639	0.815043155128211	0.0843917351884107
MA0631.1	31639	0.700751429446673	0.049125990169312
MA0633.1	31639	0.769944155503514	0.0683465540683148
MA0634.1	31639	0.795817203593853	0.0727568041360735
MA0007.3	31639	0.699730987810846	0.0471122626941324
MA0635.1	31639	0.829777805557734	0.0608186383795145
MA0636.1	31639	0.74556339491562	0.0620886465902568
MA0637.1	31639	0.759620565875466	0.0394763770881091
MA0638.1	31639	0.736257475779882	0.0502377804546286
MA0639.1	31639	0.753810767936415	0.0645207273523298
MA0641.1	31639	0.756465287707458	0.0599696443948064
MA0136.2	31639	0.841165666946573	0.0549369572487428
MA0027.2	31639	0.830742608030064	0.0741498597007072
MA0642.1	31639	0.83753887524336	0.0564542111554388
MA0643.1	31639	0.788672216965944	0.0533709765553261
MA0644.1	31639	0.809198133227987	0.0707969216618835
MA0645.1	31639	0.826578600677161	0.0616604994436219
MA0475.2	31639	0.806362218430297	0.0610289152634365
MA0042.2	31639	0.813062957715694	0.074103602689066
MA0033.2	31639	0.847394403010332	0.0721099006020356
MA0157.2	31639	0.788472319406648	0.0707608542973717
MA0646.1	31639	0.779911946221112	0.0461713873054042
MA0647.1	31639	0.719518557118254	0.0573091999678359
MA0648.1	31639	0.795684355481826	0.0623165048731863
MA0649.1	31639	0.784731237936041	0.0608541910315465
MA0131.2	31639	0.792974705283496	0.0591176805328403
MA0046.2	31639	0.694940455558019	0.0721986305986826
MA0153.2	31639	0.686540780823497	0.0719175873025004
MA0651.1	31639	0.758444381528321	0.060836235617671
MA0486.2	31639	0.710126375998291	0.0583135578407152
MA0652.1	31639	0.688226665544441	0.0515713327361406
MA0653.1	31639	0.661424622271976	0.0525724398101541
MA0654.1	31639	0.800091707469446	0.084784135050331
MA0655.1	31639	0.737187339432516	0.0669268100437967
MA0656.1	31639	0.710752718425066	0.069590212197548
MA0657.1	31639	0.721169299661997	0.0507389394952405
MA0658.1	31639	0.776297486004758	0.0659745111536521
MA0660.1	31639	0.708166185486851	0.072134673831136
MA0661.1	31639	0.802724228867879	0.064801614906045
MA0662.1	31639	0.821696441320984	0.0729857072680684
MA0663.1	31639	0.742850690529432	0.0602087116350659
MA0664.1	31639	0.763843321030946	0.06194949927069
MA0665.1	31639	0.782084362543613	0.0519599492100883
MA0666.1	31639	0.827181020429027	0.0702850433661719
MA0667.1	31639	0.761960704435738	0.0568500491424508
MA0668.1	31639	0.826562988654014	0.0412399494865153
MA0669.1	31639	0.764780259643827	0.0525061268823546
MA0670.1	31639	0.810134814137954	0.0718500156824489
MA0671.1	31639	0.905886091097381	0.0468597563566652
MA0048.2	31639	0.796956462437493	0.060642805407277
MA0672.1	31639	0.835110142998005	0.0505902888292336
MA0673.1	31639	0.869922985067701	0.0440041258413904
MA0674.1	31639	0.827400546176307	0.0697388985271795
MA0675.1	31639	0.83012259351964	0.0786196234364954
MA0676.1	31639	0.803984346863016	0.0613598476641514
MA0677.1	31639	0.719661704887554	0.0476123050784675
MA0678.1	31639	0.764563689366457	0.0534303233397419
MA0068.2	31639	0.774173631086153	0.0748132214728441
MA0680.1	31639	0.677242274204698	0.0798757867330857
MA0683.1	31639	0.649471376560317	0.0688747066097079
MA0512.2	31639	0.6971317053731	0.049714008233759
MA0685.1	31639	0.772328045267946	0.0707158424550617
MA0686.1	31639	0.779497228228917	0.0536210604442804
MA0687.1	31639	0.778579995717337	0.0489862041581859
MA0083.3	31639	0.656931335956558	0.0529904640648398
MA0009.2	31639	0.676051248786125	0.0450747099817174
MA0688.1	31639	0.791771265793119	0.0483614564012162
MA0689.1	31639	0.771744684540817	0.0507350567171736
MA0690.1	31639	0.769080297301741	0.0527731309132028
MA0691.1	31639	0.763410412435275	0.062218633054352
MA0145.3	31639	0.778499823559469	0.0508579664967772
MA0692.1	31639	0.793351517796767	0.0590160227304558
MA0694.1	31639	0.766835799230278	0.0516907670930308
MA0695.1	31639	0.794648861345428	0.0490117453602208
MA0696.1	31639	0.749188538278742	0.0513362454044806
MA0697.1	31639	0.761776647811065	0.0504774823492396
MA0698.1	31639	0.764524722834867	0.0524319877702018
MA0699.1	31639	0.815017285299955	0.0662427916125203
MA0704.1	31639	0.815502018532932	0.0734102333371135
MA0705.1	31639	0.832882493273321	0.0684092233325676
MA0706.1	31639	0.808153515471595	0.0665181807246201
MA0707.1	31639	0.82438054543257	0.0678161526386982
MA0708.1	31639	0.800738317894257	0.0790311279562442
MA0709.1	31639	0.804095112158508	0.0827983790724825
MA0710.1	31639	0.812355655822309	0.070476780401981
MA0124.2	31639	0.800623755995332	0.0565190865792423
MA0711.1	31639	0.822149066767917	0.0601099186620732
MA0132.2	31639	0.819568598361792	0.0803099700133891
MA0713.1	31639	0.732186810807034	0.0765533665842253
MA0714.1	31639	0.816887733530422	0.0609825949909663
MA0715.1	31639	0.696902329995896	0.0849364354665797
MA0716.1	31639	0.807565588293965	0.0848189697214612
MA0717.1	31639	0.82131736267973	0.076888844694643
MA0718.1	31639	0.797378567541574	0.078474732320673
MA0719.1	31639	0.920071027291561	0.0462422546188253
MA0720.1	31639	0.809876371416252	0.0838912205696579
MA0721.1	31639	0.815744394816276	0.0791716144246435
MA0722.1	31639	0.821512391992147	0.0703785701192524
MA0723.1	31639	0.822173942899768	0.0682614528548703
MA0724.1	31639	0.786858386742793	0.0681098957265441
MA0725.1	31639	0.79320873682127	0.0821886048364285
MA0726.1	31639	0.778063610298158	0.0823640671592833
MA0112.3	31639	0.688629054340045	0.0456902103619485
MA0141.3	31639	0.741947096542086	0.0582890060236968
MA0017.2	31639	0.77636449022134	0.0551220134927421
MA0113.3	31639	0.698090636829893	0.0509580700026584
MA0727.1	31639	0.69448546498797	0.0510239138046414
MA0728.1	31639	0.684158118980657	0.0464706593734002
MA0729.1	31639	0.668176929402351	0.0434502453404957
MA0730.1	31639	0.686644075539728	0.0438493454891806
MA0731.1	31639	0.643601755763415	0.0479190219614438
MA0472.2	31639	0.783226313299895	0.0596318685433728
MA0732.1	31639	0.754172189818538	0.0681337195906543
MA0733.1	31639	0.757190047686428	0.056977089020672
MA0735.1	31639	0.677230061417271	0.0469803535932665
MA0736.1	31639	0.763381203843877	0.0493900505250753
MA0737.1	31639	0.718800452279815	0.0432069309419975
MA0738.1	31639	0.875228248598882	0.04787567641182
MA0739.1	31639	0.836254827199978	0.048789730125822
MA0740.1	31639	0.798202504891228	0.0678438729236581
MA0741.1	31639	0.847520999683223	0.0770362309330559
MA0742.1	31639	0.790426137244506	0.0592557333732121
MA0747.1	31639	0.850863998218358	0.0617611801537598
MA0749.1	31639	0.6758666664102	0.0467073031403463
MA0751.1	31639	0.782445564786716	0.0478213389547457
MA0088.2	31639	0.724394192114299	0.0467624686151091
MA0752.1	31639	0.652657552203296	0.0493115722865649
MA0754.1	31639	0.739843075014514	0.0718669163814258
MA0755.1	31639	0.725747889951534	0.06960238462956
MA0756.1	31639	0.689941508665672	0.0710143101383379
MA0757.1	31639	0.682921046155045	0.0761608101640214
MA0758.1	31639	0.659504570258016	0.0513047577272063
MA0759.1	31639	0.8052179141698	0.0625223225231476
MA0760.1	31639	0.809764310749899	0.0570694333935775
MA0474.2	31639	0.826374240219227	0.0582625965949429
MA0098.3	31639	0.823639711402377	0.0591837372099544
MA0762.1	31639	0.781752387714504	0.0573204847804412
MA0763.1	31639	0.815134450275387	0.0544209865857823
MA0156.2	31639	0.818555447922198	0.05991255308194
MA0767.1	31639	0.809914788494616	0.0471051041105656
MA0768.1	31639	0.717669353383773	0.0560807227498108
MA0770.1	31639	0.724314560837484	0.0569727188509971
MA0771.1	31639	0.757292073642178	0.0515792743145089
MA0772.1	31639	0.725897339992065	0.0602563866798359
MA0773.1	31639	0.715916756441515	0.0754737884763236
MA0498.2	31639	0.898894752477648	0.0614297323632553
MA0774.1	31639	0.833094991821281	0.0636868244657923
MA0775.1	31639	0.860946487770407	0.0568984686744528
MA0776.1	31639	0.716372159617543	0.0485460357573715
MA0777.1	31639	0.686642077857451	0.0449027183493028
MA0105.4	31639	0.684535413809518	0.0556491305487576
MA0778.1	31639	0.717605154407975	0.0572514498754741
MA0779.1	31639	0.729257034967831	0.0371876725248669
MA0780.1	31639	0.687584223148292	0.0799454173158867
MA0781.1	31639	0.701656565159356	0.0397235608008092
MA0783.1	31639	0.694287064788115	0.0550323793060635
MA0784.1	31639	0.696306121925523	0.0726511670715664
MA0785.1	31639	0.74376018674458	0.0728554660620497
MA0786.1	31639	0.738341494379273	0.0776295581901638
MA0787.1	31639	0.729832249287647	0.075549995593848
MA0788.1	31639	0.72342642508014	0.0749692625660264
MA0789.1	31639	0.751277361388264	0.0789087107449051
MA0790.1	31639	0.686696055980242	0.0792350851787117
MA0791.1	31639	0.668138322356924	0.0768314328663561
MA0792.1	31639	0.776126257878392	0.0754672129029821
MA0793.1	31639	0.762588823526061	0.0702610913616974
MA0794.1	31639	0.733037738443936	0.047147049338158
MA0600.2	31639	0.693597761428897	0.0551993876345944
MA0795.1	31639	0.727225058649563	0.0549323042749883
MA0796.1	31639	0.667569611558292	0.0583528661353305
MA0797.1	31639	0.703289768376581	0.0539879130530939
MA0799.1	31639	0.742960196597631	0.050022754150465
MA0510.2	31639	0.687852572889398	0.0545861854296753
MA0511.2	31639	0.802921796043852	0.0528541259647451
MA0800.1	31639	0.756683832259115	0.0502805954079742
MA0801.1	31639	0.825613767732908	0.0532067451231026
MA0802.1	31639	0.771073788254885	0.0527768609881113
MA0803.1	31639	0.802377979771474	0.0566597664733021
MA0804.1	31639	0.659161228139606	0.0436829742897814
MA0805.1	31639	0.798880399433981	0.0587579442958328
MA0806.1	31639	0.832483496516986	0.0517271726576292
MA0807.1	31639	0.843466817533671	0.0499907960917757
MA0808.1	31639	0.837316918253947	0.0588691749992624
MA0810.1	31639	0.846338684991065	0.0559501067291535
MA0811.1	31639	0.830686451252875	0.0534031154340865
MA0812.1	31639	0.821973831724341	0.0605376410988934
MA0813.1	31639	0.784807940945652	0.0614676055816765
MA0524.2	31639	0.82674562484641	0.0527762851014942
MA0815.1	31639	0.77697458191534	0.0642429036241385
MA0816.1	31639	0.807627285532735	0.0585387409532321
MA0461.2	31639	0.796012261864078	0.0516995029976694
MA0464.2	31639	0.778067964554338	0.0662781024824269
MA0817.1	31639	0.731233829443114	0.0570696508940828
MA0818.1	31639	0.765479291664962	0.0528982480948531
MA0819.1	31639	0.780822506653228	0.0510354051015326
MA0820.1	31639	0.832400936672242	0.0535232713083462
MA0821.1	31639	0.717519208369352	0.0551975496184972
MA0822.1	31639	0.698623891063001	0.0569299761269065
MA0823.1	31639	0.773222805334198	0.0689348008346363
MA0058.3	31639	0.78925118833328	0.0678864463561108
MA0825.1	31639	0.801617799579089	0.0647323857565099
MA0826.1	31639	0.744739631955297	0.0565792045462707
MA0827.1	31639	0.79245213573013	0.0487424603585744
MA0828.1	31639	0.75119558676874	0.0591709159280673
MA0832.1	31639	0.710558137809185	0.0539848904786951
MA0834.1	31639	0.700747788270145	0.0679303125935294
MA0466.2	31639	0.78305007005765	0.0537708157811788
MA0837.1	31639	0.791349407272042	0.0530605596859323
MA0838.1	31639	0.747319906981952	0.0535061372774524
MA0839.1	31639	0.712598271458201	0.0474006201964891
MA0840.1	31639	0.728341888176633	0.0706203769151895
MA0117.2	31639	0.787233370097628	0.0511917489930897
MA0841.1	31639	0.724922346361517	0.0598375734226342
MA0843.1	31639	0.74284339225762	0.0612430887573676
MA0844.1	31639	0.729934428621387	0.0476852284073596
MA0845.1	31639	0.760285737535285	0.0729545545336427
MA0032.2	31639	0.788459746986958	0.0728785385550152
MA0846.1	31639	0.781954449282023	0.0729892418124725
MA0848.1	31639	0.834520393788941	0.0708775210351326
MA0849.1	31639	0.818100761340819	0.0731372740394875
MA0850.1	31639	0.882042789909877	0.0547328440094745
MA0851.1	31639	0.744658976179473	0.0706027489198445
MA0853.1	31639	0.709972456101138	0.0604085717376603
MA0854.1	31639	0.710695004356072	0.0639828732657078
MA0855.1	31639	0.693747081371709	0.0499066448672834
MA0856.1	31639	0.704343164041041	0.0493555110438081
MA0857.1	31639	0.654940059692752	0.0489532089151946
MA0858.1	31639	0.676512049719248	0.0464809523887381
MA0859.1	31639	0.67400236502595	0.0479667127177297
MA0860.1	31639	0.668297726722826	0.0457252508373767
MA0525.2	31639	0.674997226841686	0.0427480524826874
MA0106.3	31639	0.686505454372743	0.041785274706805
MA0861.1	31639	0.720397224933021	0.0430852533218089
MA0862.1	31639	0.786136877868527	0.0575461580064283
MA0863.1	31639	0.705030674629058	0.0427981477809583
MA0024.3	31639	0.742755038808954	0.0503260543893896
MA0865.1	31639	0.702244749197258	0.0506582844598043
MA0866.1	31639	0.662194038710536	0.0593140281531162
MA0869.1	31639	0.625571825535214	0.0623272169461219
MA0870.1	31639	0.66412165095809	0.0590970896808468
MA0872.1	31639	0.770661289790404	0.0659412701931211
MA0028.2	31639	0.781268182479951	0.0672924260231968
MA0873.1	31639	0.75281345765447	0.0562100584303555
MA0874.1	31639	0.702093458886648	0.060214159852779
MA0875.1	31639	0.839410781295813	0.0739265257931608
MA0876.1	31639	0.848577642103104	0.0711819193300385
MA0879.1	31639	0.814341177667805	0.0738303001376999
MA0880.1	31639	0.830896037018552	0.0759940843993452
MA0881.1	31639	0.834038061293708	0.072951391627298
MA0882.1	31639	0.830923789204465	0.0750487717439336
MA0883.1	31639	0.75548487209538	0.0511583324085194
MA0884.1	31639	0.754636369954008	0.0617992746700364
MA0885.1	31639	0.81753406924023	0.0839700448833001
MA0886.1	31639	0.786085931738736	0.073326030277185
MA0887.1	31639	0.820686181544405	0.0622949509895495
MA0888.1	31639	0.817828788729654	0.0629209601575951
MA0889.1	31639	0.782533200585561	0.0710334152899421
MA0890.1	31639	0.79354736287206	0.0762586225234222
MA0891.1	31639	0.816893739065166	0.0552588561285208
MA0892.1	31639	0.835431391720967	0.0598596515694969
MA0894.1	31639	0.787232058747174	0.0789885513977594
MA0895.1	31639	0.806092391208577	0.0566740611744716
MA0896.1	31639	0.730557853723319	0.0512032496786026
MA0897.1	31639	0.707133442958619	0.0553730847692951
MA0898.1	31639	0.704483266269499	0.0557525000375559
MA0899.1	31639	0.78462109355198	0.0751278990523753
MA0903.1	31639	0.834265055157388	0.0695006908184484
MA0905.1	31639	0.793329170852327	0.0660347505860902
MA0906.1	31639	0.743396355636405	0.058823849538022
MA0907.1	31639	0.74183545504273	0.0616607043258417
MA0908.1	31639	0.776442128403827	0.0660478031215575
MA0911.1	31639	0.766734270528214	0.0565555489666654
MA0914.1	31639	0.8347793455933	0.0563935598364661
MA0852.2	31639	0.760159293760351	0.0632142841344332
MA0036.3	31639	0.782975553931916	0.0703039256209375
MA1106.1	31639	0.800282820840721	0.0657730313011658
MA0147.3	31639	0.774985308902856	0.0636394330088045
MA0100.3	31639	0.836854582781068	0.0616420610227098
MA0104.4	31639	0.755953559247121	0.0621056421726167
MA1109.1	31639	0.795025967345484	0.0532502218782234
MA0161.2	31639	0.802173351580903	0.0634931744606374
MA0060.3	31639	0.796700293676648	0.0711781308181868
MA1110.1	31639	0.765992086609697	0.056572864074821
MA1111.1	31639	0.788524367838391	0.0625265658579851
MA0014.3	31639	0.786882507887878	0.0535543263392202
MA1114.1	31639	0.731563556951534	0.0528126156744678
MA1115.1	31639	0.767507771309187	0.078137646494518
MA1116.1	31639	0.853620696186417	0.0660288811384685
MA1117.1	31639	0.786723102961834	0.0567628444102209
MA1118.1	31639	0.761360819778016	0.0573914637721269
MA1119.1	31639	0.711540970493941	0.0532304287859224
MA0442.2	31639	0.816069074831603	0.0707182463834142
MA1120.1	31639	0.796379103909701	0.0698743578223395
MA1121.1	31639	0.76866366278041	0.0563085408304942
MA1122.1	31639	0.818920148991689	0.0712784223960165
MA0750.2	31639	0.804955043560983	0.0643702775631479
MA0103.3	31639	0.839179174591737	0.0599898022671069
MA1124.1	31639	0.673910413947073	0.06091096756353
MA1125.1	31639	0.734252887016767	0.117855756226075
MA1154.1	31639	0.715115007353488	0.0412241700497224
MA1155.1	31639	0.70713684130699	0.048475319314207
MA0037.3	31639	0.829457714595825	0.0641313512831027
MA0099.3	31639	0.779786768927852	0.0620148299781473
MA1126.1	31639	0.725060929397542	0.0568008895880292
MA1127.1	31639	0.726411894879309	0.0683532552876399
MA1128.1	31639	0.769135073745918	0.0611987913688203
MA1129.1	31639	0.73792314880464	0.0670370889033633
MA1130.1	31639	0.774744302608117	0.0622072664538268
MA1131.1	31639	0.751264345357858	0.0670739312655762
MA1132.1	31639	0.790533693480274	0.0562839968950916
MA1133.1	31639	0.745552156202456	0.0631851263555273
MA1134.1	31639	0.758822613719356	0.0620487779623046
MA1135.1	31639	0.772336178153773	0.0638541579827487
MA1136.1	31639	0.754552580748713	0.064684725915804
MA1137.1	31639	0.76760747523119	0.058941835869395
MA1138.1	31639	0.766294451623243	0.0660016591804981
MA1139.1	31639	0.720945363211376	0.0706374033417024
MA1141.1	31639	0.760677990988454	0.0607612781397868
MA1142.1	31639	0.804066134687919	0.0582251154156816
MA1143.1	31639	0.785257382762695	0.0610320624974724
MA1144.1	31639	0.768508986779961	0.0637293171485912
MA1145.1	31639	0.731521443101448	0.0649419024075264
MA1146.1	31639	0.734050694066181	0.0398577223846034
MA1147.1	31639	0.749347235170729	0.0397603445988186
MA1148.1	31639	0.73645248330059	0.0396950272955311
MA1149.1	31639	0.76761746037173	0.0404945878276477
MA1150.1	31639	0.798576508285626	0.0515629100464795
MA1151.1	31639	0.80523332922637	0.047695768590427
MA1152.1	31639	0.83125808603478	0.070351386805055
MA0831.2	31639	0.822797097411138	0.0628203604224793
MA0693.2	31639	0.845921521172432	0.0569341446426058
MA1153.1	31639	0.828281575500872	0.0610877593603251
MA1418.1	31639	0.676126501373545	0.0497091811764343
MA1419.1	31639	0.673453633019706	0.0502516911794627
MA1420.1	31639	0.721682600078277	0.0446060942952251
MA1421.1	31639	0.741088197718542	0.0553501483305884
MA1463.1	31639	0.732276732826572	0.0851079106844417
MA1464.1	31639	0.770865143992509	0.0684677911224475
MA1466.1	31639	0.711174542052447	0.0489018476302028
MA1467.1	31639	0.803108683980807	0.0526490432600405
MA1468.1	31639	0.826113988555023	0.0436696852508907
MA1101.2	31639	0.682044950033903	0.0518140329162455
MA1470.1	31639	0.671746542369045	0.0475714053853718
MA1471.1	31639	0.773150966938083	0.0765238403584907
MA1472.1	31639	0.847932063668638	0.050794392931403
MA1473.1	31639	0.757297073870106	0.0681463733886098
MA1474.1	31639	0.770290292527061	0.0509398274953964
MA1475.1	31639	0.756270225476876	0.0610180715878498
MA1476.1	31639	0.78903187504549	0.0896917213051695
MA1478.1	31639	0.779437767256563	0.054541073081135
MA1479.1	31639	0.748615162247645	0.0567909909802834
MA1480.1	31639	0.771400791486389	0.057803261721109
MA1481.1	31639	0.819898811142844	0.0786145123107529
MA1483.1	31639	0.766848998390823	0.0596574125830362
MA1484.1	31639	0.826406163853814	0.0589419245095892
MA1485.1	31639	0.74333642407406	0.049827808718842
MA1487.1	31639	0.743434909239223	0.0633498163087446
MA1489.1	31639	0.728653718511963	0.0866313009494357
MA1491.1	31639	0.756801311910434	0.0476634892342236
MA1493.1	31639	0.774925782594867	0.0480466818686664
MA1494.1	31639	0.702034937210568	0.047379541234505
MA1495.1	31639	0.836133199498246	0.0677284358392805
MA1496.1	31639	0.867876986283362	0.052878904006469
MA1497.1	31639	0.817400973902657	0.0572335982991262
MA1498.1	31639	0.840987648183217	0.0661799864756857
MA1499.1	31639	0.817555841241885	0.0761343493174837
MA1500.1	31639	0.858632840980005	0.0561491517344262
MA1501.1	31639	0.807580722227765	0.0523201993684094
MA1502.1	31639	0.830465945029763	0.0702196298385368
MA1503.1	31639	0.755655553505981	0.0628589670670957
MA1504.1	31639	0.845101998188913	0.0746574893295968
MA1505.1	31639	0.839772094734732	0.0632576468820588
MA1506.1	31639	0.742921240452852	0.0581744856663388
MA1507.1	31639	0.837967686693568	0.0753855799167208
MA1508.1	31639	0.802562655276792	0.0597791107812906
MA1509.1	31639	0.762354111028086	0.0518495785976202
MA1511.1	31639	0.840865572542347	0.065630653282156
MA1512.1	31639	0.843046013175032	0.0718049713497732
MA1513.1	31639	0.82564819439479	0.11159338137323
MA1514.1	31639	0.756734190665784	0.0553150910468525
MA1515.1	31639	0.870324392821067	0.072913888752225
MA1516.1	31639	0.820988289166364	0.0698151812212873
MA1517.1	31639	0.857619589400607	0.0681797279388697
MA1518.1	31639	0.853654677326829	0.0674518664477326
MA1519.1	31639	0.790425141218275	0.0816223721895314
MA1520.1	31639	0.727191302461613	0.0446298149634988
MA1521.1	31639	0.736060328417022	0.0446646327840455
MA1522.1	31639	0.843052225092624	0.0859407198855832
MA1523.1	31639	0.819620322116184	0.0519123134429722
MA1524.1	31639	0.812007574985047	0.0531184847789363
MA1525.1	31639	0.828440957147081	0.0575852749073681
MA1527.1	31639	0.713357748685277	0.055363095076609
MA1528.1	31639	0.726798946300224	0.054649169420818
MA1529.1	31639	0.70973936904985	0.0509504782461244
MA1530.1	31639	0.821245798632892	0.064514836511273
MA1531.1	31639	0.747801387706032	0.0421769226991766
MA1532.1	31639	0.778181127962568	0.0381913928456424
MA1533.1	31639	0.762796943326673	0.036801704492303
MA1534.1	31639	0.812593609658629	0.0580818343859823
MA1535.1	31639	0.87576645477888	0.0572905016735411
MA1536.1	31639	0.92116713754999	0.04198699392138
MA1537.1	31639	0.729112468643096	0.0457145521115896
MA1538.1	31639	0.710772239690923	0.0452867274615933
MA1539.1	31639	0.695334693006546	0.0462710721297675
MA1540.1	31639	0.817570029073813	0.0516273330316896
MA1541.1	31639	0.7231564009742	0.044688200443244
MA1542.1	31639	0.810269935871585	0.0497580398510391
MA1544.1	31639	0.71883757603215	0.0515981633392199
MA1545.1	31639	0.759289610572425	0.0507250696588513
MA1546.1	31639	0.728432885611496	0.0400631398628905
MA1547.1	31639	0.803366761285706	0.0720241668631296
MA1548.1	31639	0.805655928972381	0.0736015416877657
MA1549.1	31639	0.801478487842612	0.0629907315398385
MA1550.1	31639	0.72839696142522	0.0456328613863505
MA1552.1	31639	0.730425521567787	0.0430764704135
MA1553.1	31639	0.71612190028647	0.044162255000983
MA1554.1	31639	0.86396365930524	0.0423091785068593
MA1555.1	31639	0.738176461798479	0.0447941840216109
MA1556.1	31639	0.734038608659252	0.0469775885824256
MA1557.1	31639	0.757207584528542	0.049744287049398
MA1558.1	31639	0.842984938913962	0.0551698782601642
MA1559.1	31639	0.803908204275943	0.0546206858008546
MA1560.1	31639	0.771820169666545	0.0657038859272945
MA1561.1	31639	0.7381158062869	0.0535975179644306
MA1562.1	31639	0.749606517425128	0.058364892371494
MA1563.1	31639	0.901203108628984	0.037657803026987
MA1564.1	31639	0.842848201185236	0.0765239097971244
MA1565.1	31639	0.786566103822319	0.0481228239566103
MA1566.1	31639	0.857676400955388	0.0445828549697978
MA1567.1	31639	0.826522151398883	0.0476773468913309
MA1568.1	31639	0.787940316122413	0.041381881316661
MA1569.1	31639	0.841352920076169	0.0706803273409176
MA1570.1	31639	0.832440393429493	0.0528342331025516
MA1571.1	31639	0.723421209316468	0.049897147705336
MA1572.1	31639	0.731096616995169	0.049762092407958
MA1573.1	31639	0.68705520539483	0.0596833483623588
MA1574.1	31639	0.775966123401945	0.0415283338457654
MA1575.1	31639	0.71393059997716	0.0436727359141779
MA1576.1	31639	0.71704344027132	0.0389395610756033
MA1577.1	31639	0.793329949949695	0.0922776664226145
MA1578.1	31639	0.837594183858418	0.0717683019952362
MA1579.1	31639	0.795664993326331	0.0606342711335126
MA1580.1	31639	0.747022060502905	0.0643173814874917
MA1581.1	31639	0.793923171972077	0.0539586260548913
MA1583.1	31639	0.789785225430381	0.0602008929653789
MA1584.1	31639	0.749852221850197	0.0528479210484629
MA1585.1	31639	0.763386426729887	0.0546270904235614
MA1587.1	31639	0.750243925567316	0.047854123156616
MA1588.1	31639	0.70173834418498	0.0483179599093973
MA1589.1	31639	0.663280429920073	0.0383473242646957
MA1592.1	31639	0.753569245220179	0.0440427743437099
MA1593.1	31639	0.771172651578887	0.056812179714401
MA1594.1	31639	0.661558866466584	0.0360801322320351
MA1596.1	31639	0.738006071624231	0.061302777527976
MA1597.1	31639	0.681579595560273	0.0442816349454584
MA1599.1	31639	0.738419968897892	0.058494999632363
MA1600.1	31639	0.707202878402812	0.0396167228337129
MA1601.1	31639	0.803048678025374	0.0596296350469694
MA1602.1	31639	0.760665074230299	0.048632634916523
MA1603.1	31639	0.726259581180073	0.0628565843168771
MA1604.1	31639	0.765794243483592	0.0585960990142447
MA1606.1	31639	0.773482749776093	0.0801685309125686
MA1607.1	31639	0.737546959009291	0.0751922468909771
MA1608.1	31639	0.784432643559874	0.0657309235231688
MA1615.1	31639	0.789982711516643	0.0636950683625792
MA1616.1	31639	0.745553891626438	0.0489010453898815
MA1618.1	31639	0.786484743779974	0.0584713514783444
MA1619.1	31639	0.794007925385854	0.0630899739767036
MA1620.1	31639	0.79924870219927	0.0569614236404177
MA1621.1	31639	0.797942627591955	0.054746052367835
MA1622.1	31639	0.756680886805776	0.0687738623460068
MA1623.1	31639	0.75028330798712	0.073918933117627
MA1624.1	31639	0.772407092737175	0.0646332881701353
MA1625.1	31639	0.756823636293394	0.0663888758958397
MA1627.1	31639	0.799165786113591	0.0695851925427878
MA1628.1	31639	0.840561108039104	0.0596995696758891
MA1629.1	31639	0.777826588868763	0.0537434528985105
MA1630.1	31639	0.784517781778633	0.0706667755439564
MA1100.2	31639	0.844856079083082	0.0550649300638562
MA0605.2	31639	0.709752707411091	0.071963748733594
MA0877.2	31639	0.852816263852174	0.0557850099914354
MA0462.2	31639	0.757358554036354	0.0699983152309082
MA0463.2	31639	0.715505591470267	0.0467789433223117
MA0878.2	31639	0.748979320963913	0.066530448090904
MA0864.2	31639	0.728971815571062	0.0463186238235685
MA0469.3	31639	0.664998851572389	0.04509908079847
MA0470.2	31639	0.720142261099439	0.0477685869769581
MA0612.2	31639	0.796706063433183	0.076473638835856
MA0847.2	31639	0.781138760563893	0.0631129263540914
MA0766.2	31639	0.815564334791834	0.0613080525877139
MA0038.2	31639	0.768147223666233	0.0545451572224585
MA0734.2	31639	0.738978382050759	0.0482077648423555
MA0893.2	31639	0.861574425698033	0.059927251057797
MA1099.2	31639	0.820979263552503	0.0728519438776437
MA0616.2	31639	0.774987879749339	0.0719590203893314
MA0650.2	31639	0.760082145139307	0.0622206769288138
MA0900.2	31639	0.794408930794661	0.0793542289017076
MA0158.2	31639	0.832257151796261	0.0629974642527492
MA0594.2	31639	0.831980898208605	0.0501040641622008
MA0902.2	31639	0.839506594674199	0.0688885791406563
MA0904.2	31639	0.81977717879617	0.0680943430049296
MA0485.2	31639	0.744913443979734	0.0644152964201136
MA0909.2	31639	0.780960342938198	0.0526957154697838
MA0912.2	31639	0.784264564892746	0.0697954060368228
MA0910.2	31639	0.826621472693248	0.0685125522650538
MA0913.2	31639	0.775115919220644	0.0747576619817796
MA1140.2	31639	0.691631711084344	0.0668704906746849
MA0701.2	31639	0.792759080673039	0.0772315762409808
MA0702.2	31639	0.752878769961067	0.0884651058806901
MA0703.2	31639	0.698334889146138	0.0938740685091148
MA0623.2	31639	0.763292308541312	0.0537772430924271
MA0842.2	31639	0.753188010853486	0.0516948401861019
MA0682.2	31639	0.80763586175023	0.0676322737276073
MA0075.3	31639	0.769867946189081	0.0880289032324603
MA0867.2	31639	0.832616904547074	0.0638540683745352
MA0868.2	31639	0.796837808972315	0.0657069106707202
MA0079.4	31639	0.792736930430504	0.073369506377893
MA0516.2	31639	0.769216736145654	0.0634099693156788
MA0746.2	31639	0.830760233455759	0.0756342733796626
MA0632.2	31639	0.807467174196485	0.0720684273648768
MA0871.2	31639	0.764536904964833	0.0657668469628771
MA0753.2	31639	0.77565100813365	0.0782124098987369
MA0122.3	31639	0.742996099794947	0.0629827869879886
MA1631.1	31639	0.806858635142884	0.0590297207745885
MA1632.1	31639	0.749402975157499	0.0697077558667808
MA1633.1	31639	0.73750926182057	0.0574215907670568
MA1634.1	31639	0.758831783267361	0.0704689053850088
MA1635.1	31639	0.820673314596893	0.0763710154141777
MA1636.1	31639	0.731226421487817	0.0584462726751321
MA1637.1	31639	0.76508344942389	0.0604244514142889
MA1638.1	31639	0.833444409306069	0.0598574354115328
MA1639.1	31639	0.748918309847215	0.0673534238061639
MA1640.1	31639	0.718905126626948	0.0695492987453615
MA1641.1	31639	0.786365502443169	0.0625225978141876
MA1642.1	31639	0.801565651918489	0.0560965420398133
MA1643.1	31639	0.682556178938156	0.0493331274670374
MA1644.1	31639	0.794338845858126	0.072649721472122
MA1645.1	31639	0.785320188253413	0.0523706264588213
MA1646.1	31639	0.812422321552767	0.0574221865877006
MA1647.1	31639	0.810209962727332	0.0606274854877266
MA1648.1	31639	0.838271032139965	0.062574267991617
MA1649.1	31639	0.810402210608813	0.061826645441765
MA1650.1	31639	0.790291858530609	0.0783519232734828
MA1651.1	31639	0.70486322946654	0.0541210969839592
MA1652.1	31639	0.791789450944249	0.0560127691241016
MA1653.1	31639	0.816795017001486	0.0887822267421549
MA1654.1	31639	0.680434916612352	0.0356406393968388
MA1655.1	31639	0.79343893564831	0.0554180063135036
MA1656.1	31639	0.771898772639694	0.0545279642790484
MA1657.1	31639	0.73292517808952	0.0648402607325657
MA1683.1	31639	0.776855035180568	0.0757389479982609
MA0833.2	31639	0.733177815146983	0.059188022978909
MA0835.2	31639	0.757588560681354	0.0688011283453081
MA0465.2	31639	0.747904622994223	0.0739841295529544
MA0102.4	31639	0.730324352056517	0.0606304088079842
MA0836.2	31639	0.744421049089282	0.0616721929266138
MA0018.4	31639	0.756925094259185	0.0767377396414051
MA1102.2	31639	0.807380811273022	0.0717193996217652
MA0471.2	31639	0.821871918023882	0.0652520282351048
MA0154.4	31639	0.749147573236164	0.0551262813791268
MA0162.4	31639	0.783639879554578	0.0787575173989467
MA0598.3	31639	0.77652655296413	0.0592848381773695
MA0473.3	31639	0.780573809643557	0.0591487146173063
MA0640.2	31639	0.793054546990515	0.0576285106124284
MA0592.3	31639	0.746558721734047	0.0566845018064462
MA0761.2	31639	0.787053345576734	0.0598882553535225
MA0764.2	31639	0.853102880676921	0.0671582732649641
MA0765.2	31639	0.828759444863939	0.0630998300881092
MA0477.2	31639	0.748633764583977	0.0670728611753246
MA0148.4	31639	0.750340526464527	0.0733588516189967
MA0047.3	31639	0.773745798336408	0.0755659508599245
MA1103.2	31639	0.774395471047306	0.0763457522043734
MA0481.3	31639	0.778949801527165	0.0770413904446508
MA0062.3	31639	0.779960361271897	0.0585851073419888
MA0035.4	31639	0.774901166166247	0.0672732294176657
MA0482.2	31639	0.769569706275319	0.0627598392577273
MA1104.2	31639	0.74431413489748	0.0681685587127676
MA1105.2	31639	0.754149844625921	0.0588597155676285
MA0043.3	31639	0.74058654438088	0.0650977252488924
MA0114.4	31639	0.74951102141863	0.0589261643686671
MA0484.2	31639	0.754912851319789	0.0578744466396389
MA0901.2	31639	0.724897710609249	0.082421308068412
MA0490.2	31639	0.733834457076561	0.0687805703183674
MA0491.2	31639	0.737390109497861	0.0676725394560684
MA0039.4	31639	0.849618305083434	0.0799432572367594
MA1107.2	31639	0.770376929593731	0.0678496463975344
MA0700.2	31639	0.763075328745384	0.0800609419844819
MA0495.3	31639	0.71574707934674	0.0558114472076619
MA0659.2	31639	0.722052847344556	0.0540741491004331
MA0496.3	31639	0.71617867254767	0.0547506073046985
MA0052.4	31639	0.721811227067015	0.0770407129938019
MA0620.3	31639	0.722464891360133	0.058899580405207
MA1108.2	31639	0.8301495599172	0.0693500398158255
MA0499.2	31639	0.795236744330763	0.0536130204126458
MA0500.2	31639	0.791378348012217	0.0710746699391327
MA0056.2	31639	0.785075014776689	0.0533054495887973
MA0089.2	31639	0.713613539615654	0.05209230182363
MA0025.2	31639	0.73673034520219	0.0709295434234158
MA0502.2	31639	0.778083837332583	0.0643034925784128
MA0063.2	31639	0.802994824845353	0.0608191631272029
MA1112.2	31639	0.785889748948869	0.0629460438894221
MA0679.2	31639	0.677484758550178	0.0805079641847643
MA0712.2	31639	0.784377008901159	0.0640954730773614
MA1113.2	31639	0.727581181924563	0.0741665989008601
MA0681.2	31639	0.656047344781903	0.0915321895856773
MA0782.2	31639	0.743312328479836	0.0575924360909593
MA0627.2	31639	0.727885171277317	0.0772252999304684
MA0508.3	31639	0.812606948022099	0.0663617475397088
MA0509.2	31639	0.749933948371694	0.0563053875136243
MA0798.2	31639	0.749184206601366	0.0550280781559549
MA0684.2	31639	0.791789357610254	0.0598232951950599
MA0743.2	31639	0.732235264462323	0.050851524890883
MA0744.2	31639	0.736718533086295	0.0502225366189018
MA0745.2	31639	0.780393677904214	0.0548720317899362
MA0143.4	31639	0.79135874146452	0.0683747528778262
MA0080.5	31639	0.723836831867846	0.0538887016752285
MA0081.2	31639	0.751831825012334	0.0525158686227034
MA0829.2	31639	0.738112980827519	0.0560002472632258
MA0522.3	31639	0.838938512475189	0.061444612182882
MA0830.2	31639	0.805108044092592	0.0588193931589827
MA0769.2	31639	0.795718582018116	0.0678629984876002
MA0090.3	31639	0.759613765653718	0.0577148061861207
MA0809.2	31639	0.778398005108845	0.058541464303512
MA0003.4	31639	0.783196579426302	0.0613461097807208
MA0814.2	31639	0.790940327132168	0.0639515017929422
MA1123.2	31639	0.78548478982636	0.0569537028159916
MA0093.3	31639	0.743168420612898	0.0583813110689766
MA0526.3	31639	0.742365003382771	0.0594983357661191
MA0748.2	31639	0.790941708922391	0.0665201938784577
MA0528.2	31639	0.82277831802017	0.0710545575692724
MA0609.2	31639	0.701710098574205	0.0669973140492259
