[SHORT TFBS MATRIX]
MA0004.1	31455	0.85874482300415	0.0668220088690128
MA0006.1	31455	0.910607777764275	0.0627692146996024
MA0019.1	31455	0.824704782197108	0.0412928261801567
MA0029.1	31455	0.760305276752013	0.053013941036498
MA0030.1	31455	0.786819034152137	0.0559588075426094
MA0031.1	31455	0.845541217948069	0.0627653043894571
MA0040.1	31455	0.818827301561526	0.0601459052607772
MA0041.1	31455	0.851881117425098	0.060162068820202
MA0051.1	31455	0.75851498309405	0.0448956933096301
MA0057.1	31455	0.906834525294191	0.0395153112650934
MA0059.1	31455	0.796974137918098	0.0502444498919633
MA0066.1	31455	0.743732888725246	0.0334503734424218
MA0067.1	31455	0.929169336985163	0.0382620662450175
MA0069.1	31455	0.771398503064824	0.0386221952789747
MA0070.1	31455	0.795108346297223	0.0505876316054217
MA0071.1	31455	0.831624240918745	0.0541931464250427
MA0072.1	31455	0.772934758553023	0.0507328176097136
MA0073.1	31455	0.79988884370222	0.0519390296551358
MA0074.1	31455	0.758278828901164	0.0400623231948531
MA0077.1	31455	0.852832543469266	0.0493435843493558
MA0078.1	31455	0.88272458316499	0.0539910444380307
MA0084.1	31455	0.886229788647904	0.0547425886668573
MA0087.1	31455	0.875584348138648	0.0680402194520149
MA0091.1	31455	0.818037635986557	0.047241527735369
MA0092.1	31455	0.884654987681823	0.038403201258573
MA0101.1	31455	0.867365791737426	0.0440736346142671
MA0107.1	31455	0.822270579596187	0.0524373086793758
MA0108.2	31455	0.828938999298007	0.0530524000548419
MA0109.1	31455	0.949550835861356	0.0242973731771884
MA0111.1	31455	0.866065793534929	0.0314382915030649
MA0115.1	31455	0.681009744288751	0.0456281279414541
MA0116.1	31455	0.822647520699032	0.0434445692492346
MA0119.1	31455	0.736100654310887	0.0499807319064313
MA0125.1	31455	0.865795281684412	0.0592347979831599
MA0130.1	31455	0.963304119212103	0.0377755373021721
MA0135.1	31455	0.787534252269484	0.0653000568471485
MA0139.1	31455	0.775903919874562	0.0438285541449668
MA0142.1	31455	0.759085979362732	0.051855355065647
MA0149.1	31455	0.688567049059466	0.0569448962594635
MA0138.2	31455	0.688772772976876	0.0396456624164263
MA0002.2	31455	0.857489790574847	0.0430662780845177
MA0065.2	31455	0.810780953887428	0.0369442064276587
MA0151.1	31455	0.906940313738688	0.0796940190808383
MA0152.1	31455	0.906795445900995	0.0514696279641242
MA0155.1	31455	0.850624571411779	0.0412324769901129
MA0159.1	31455	0.797989400149825	0.034471883136274
MA0160.1	31455	0.897667279022363	0.0426614420562936
MA0163.1	31455	0.79132386190273	0.0501386748115306
MA0164.1	31455	0.843300535703707	0.0670268863706722
MA0259.1	31455	0.884547795481916	0.0608607509216764
MA0146.2	31455	0.838736479987256	0.0609351281262659
MA0467.1	31455	0.822346163155885	0.0449679369960596
MA0468.1	31455	0.807487639738894	0.0550704678162408
MA0476.1	31455	0.825609005543334	0.0578850061440974
MA0478.1	31455	0.825701915861784	0.0538251542422087
MA0479.1	31455	0.82880580868613	0.0539303626176958
MA0480.1	31455	0.839982873616761	0.0523083137200088
MA0483.1	31455	0.842037564628685	0.047541181401142
MA0488.1	31455	0.798872114940544	0.0538332254768684
MA0489.1	31455	0.806576389079958	0.0521919788900015
MA0492.1	31455	0.799016917428766	0.0527026443550185
MA0493.1	31455	0.86618870218989	0.0518616898351243
MA0494.1	31455	0.795369688790352	0.0333273301761277
MA0497.1	31455	0.810123108572048	0.0560098495409775
MA0501.1	31455	0.751086646314096	0.0462430138397866
MA0503.1	31455	0.856332010378354	0.0421468596057599
MA0504.1	31455	0.821746097020474	0.0379316958719127
MA0505.1	31455	0.785828692940676	0.0509319638076754
MA0506.1	31455	0.834414786337222	0.0713173493942043
MA0507.1	31455	0.788733528548484	0.0653146052341895
MA0513.1	31455	0.807608291209892	0.0447019338944928
MA0514.1	31455	0.880681459363204	0.0480646552676543
MA0515.1	31455	0.870857713832959	0.0503049907455481
MA0517.1	31455	0.788622108860529	0.0519983422881218
MA0518.1	31455	0.837623591987439	0.0482174374987017
MA0519.1	31455	0.853200808229994	0.0498486271007777
MA0520.1	31455	0.817705572795522	0.0507950495332333
MA0521.1	31455	0.860993784704332	0.0535693310633418
MA0523.1	31455	0.823535141488926	0.0460952709049934
MA0527.1	31455	0.765146681206088	0.0532671530581105
MA0076.2	31455	0.850078505862172	0.0555841306664068
MA0258.2	31455	0.802030795185342	0.0409286881429718
MA0050.2	31455	0.754405350284565	0.0554355348948045
MA0150.2	31455	0.750365737220176	0.0452889696787062
MA0137.3	31455	0.831766756966476	0.0538890689806643
MA0144.2	31455	0.861831296983778	0.0486771773111337
MA0140.2	31455	0.770414714280283	0.0476049569206787
MA0095.2	31455	0.795667449938265	0.0567542015672191
MA0591.1	31455	0.76674084072445	0.0438548039290366
MA0593.1	31455	0.837498641678538	0.0615585574607569
MA0595.1	31455	0.850064200820737	0.0458145643294532
MA0596.1	31455	0.833381728281211	0.0469613001508284
MA0597.1	31455	0.918858602111638	0.0311036605269192
MA0599.1	31455	0.923247706607706	0.0629332011647295
MA0601.1	31455	0.807857756703694	0.0818910828411977
MA0602.1	31455	0.78926851270161	0.0654312592000424
MA0603.1	31455	0.816270483772287	0.0599274187132844
MA0604.1	31455	0.838491995570566	0.0557107055842683
MA0606.1	31455	0.875467979728865	0.0479116317276597
MA0607.1	31455	0.861537033921127	0.0534525384619127
MA0608.1	31455	0.830015886258529	0.0544556235975318
MA0610.1	31455	0.800399752546625	0.0594313740684209
MA0611.1	31455	0.858404866058303	0.0686247208959187
MA0613.1	31455	0.839224267649919	0.0712276685573738
MA0614.1	31455	0.865506009312734	0.0638080318624221
MA0615.1	31455	0.812943074116525	0.0445286520627975
MA0618.1	31455	0.85561182373073	0.0599446332079061
MA0619.1	31455	0.862414466998674	0.076242488533787
MA0621.1	31455	0.775866832673039	0.0853212783353939
MA0622.1	31455	0.823617840956317	0.0726208189948411
MA0624.1	31455	0.882811253069987	0.0473648483525093
MA0625.1	31455	0.865138111391437	0.049868247762463
MA0626.1	31455	0.84361082197238	0.0555285710642691
MA0628.1	31455	0.78227102095272	0.0734075208487317
MA0629.1	31455	0.799180933413719	0.0406305328167217
MA0630.1	31455	0.86721563104072	0.0694839844304114
MA0631.1	31455	0.73471851100977	0.0449436961915574
MA0633.1	31455	0.814274814610694	0.0622671075139394
MA0634.1	31455	0.841585299297321	0.0613549917200594
MA0007.3	31455	0.728042935353306	0.044116672668645
MA0635.1	31455	0.86993783842969	0.0484384038367464
MA0636.1	31455	0.772085707012891	0.0576266668834813
MA0637.1	31455	0.777709460179208	0.0367074428471661
MA0638.1	31455	0.759257563217308	0.0457088197882772
MA0639.1	31455	0.789520924659328	0.0565092830324453
MA0641.1	31455	0.779768233756105	0.0540544566866917
MA0136.2	31455	0.865868828771837	0.0454091003781627
MA0027.2	31455	0.873566335086834	0.0615745888413029
MA0642.1	31455	0.869047371456218	0.0472812586839493
MA0643.1	31455	0.823643243779005	0.0509075435401447
MA0644.1	31455	0.851861992187909	0.0589991278147141
MA0645.1	31455	0.849936536746855	0.0543535483024729
MA0475.2	31455	0.830039465699665	0.053989532581077
MA0042.2	31455	0.860220602310301	0.0636836075659192
MA0033.2	31455	0.893910279907791	0.0620360743100347
MA0157.2	31455	0.833614868735821	0.061543723152636
MA0646.1	31455	0.802528192421616	0.0422916903925178
MA0647.1	31455	0.758046606238566	0.0515877875199987
MA0648.1	31455	0.836871386551759	0.0555801693129482
MA0649.1	31455	0.810033465069608	0.0555001359204513
MA0131.2	31455	0.80866104735985	0.0548562565770292
MA0046.2	31455	0.742108828111637	0.0635703445907336
MA0153.2	31455	0.73289532628739	0.0635785597317546
MA0651.1	31455	0.798352726128031	0.0522666455201427
MA0486.2	31455	0.746660844009782	0.0537688706023619
MA0652.1	31455	0.719436216522027	0.0465722031580386
MA0653.1	31455	0.694902489495573	0.0479166649589693
MA0654.1	31455	0.85199562692114	0.0722217951527799
MA0655.1	31455	0.777194869538407	0.0604217341883639
MA0656.1	31455	0.741078729305812	0.0624680983036463
MA0657.1	31455	0.739091399877742	0.046433334369439
MA0658.1	31455	0.815866665393146	0.0579425745327219
MA0660.1	31455	0.754733259709694	0.0626666707221378
MA0661.1	31455	0.842490667769036	0.056779707725324
MA0662.1	31455	0.866196364425785	0.0606805826905661
MA0663.1	31455	0.771504087438106	0.0555932979816201
MA0664.1	31455	0.795499926224056	0.0561991811064152
MA0665.1	31455	0.811574145657828	0.0471591919406284
MA0666.1	31455	0.868798765228515	0.059965045836587
MA0667.1	31455	0.796397711330586	0.0516753283427155
MA0668.1	31455	0.853238266835438	0.0389415265205507
MA0669.1	31455	0.799034327479052	0.0487091223190526
MA0670.1	31455	0.848171917858371	0.063702502966885
MA0671.1	31455	0.930663878843134	0.0374831583908042
MA0048.2	31455	0.822801481147525	0.0548786324997224
MA0672.1	31455	0.867275058690616	0.0466435336603069
MA0673.1	31455	0.897792408648239	0.0389779344129369
MA0674.1	31455	0.872986793918872	0.0613828776446572
MA0675.1	31455	0.879893633667999	0.0651048897832009
MA0676.1	31455	0.844298643604058	0.0531763573458774
MA0677.1	31455	0.74836627458484	0.0451405577303033
MA0678.1	31455	0.800890095582427	0.0505423383418056
MA0068.2	31455	0.822575522127747	0.0638207524846795
MA0680.1	31455	0.730034570113932	0.0704670067832031
MA0683.1	31455	0.695080449397927	0.0608573710260642
MA0512.2	31455	0.727518817784013	0.0469239964064989
MA0685.1	31455	0.789921027585844	0.0642142959581147
MA0686.1	31455	0.803209337988797	0.0479237081711905
MA0687.1	31455	0.80730277726795	0.0428926323835177
MA0083.3	31455	0.689939301481797	0.0485503422061817
MA0009.2	31455	0.704731502924429	0.0425888404810164
MA0688.1	31455	0.822791742142912	0.0442585578615111
MA0689.1	31455	0.804737344866226	0.045214837521201
MA0690.1	31455	0.802724372472249	0.0484789497506016
MA0691.1	31455	0.797455967503691	0.0562181199815598
MA0145.3	31455	0.809814961233132	0.0459800464109906
MA0692.1	31455	0.822070877970718	0.0536802611222648
MA0694.1	31455	0.79037704890282	0.0471407086017398
MA0695.1	31455	0.817399755373364	0.0435504093576224
MA0696.1	31455	0.766475869206613	0.0476544427804662
MA0697.1	31455	0.777800017409538	0.0466085741753263
MA0698.1	31455	0.797523963622397	0.0486338345322907
MA0699.1	31455	0.854402521192248	0.0560391672321926
MA0704.1	31455	0.860637946540118	0.0608510728805272
MA0705.1	31455	0.870807169568195	0.0601581416914406
MA0706.1	31455	0.849493155086906	0.0568222355303156
MA0707.1	31455	0.867936857570376	0.0573945419431613
MA0708.1	31455	0.847882640281687	0.0664301125275375
MA0709.1	31455	0.854203431045714	0.0700189403798967
MA0710.1	31455	0.856882509198127	0.0593676497610322
MA0124.2	31455	0.837258413957782	0.0504977827653437
MA0711.1	31455	0.861728606486543	0.0555264607917122
MA0132.2	31455	0.870374300702953	0.0712973017765988
MA0713.1	31455	0.782534093737507	0.0663243337614564
MA0714.1	31455	0.857296051036101	0.0546468014997344
MA0715.1	31455	0.754099012646793	0.0740555586093684
MA0716.1	31455	0.859540583803944	0.0702058328859693
MA0717.1	31455	0.867881664890729	0.064230705802879
MA0718.1	31455	0.845667623991654	0.0642705949559105
MA0719.1	31455	0.94916475215763	0.0331766987871477
MA0720.1	31455	0.860933320657174	0.0696884990740491
MA0721.1	31455	0.864570891962972	0.0662410624728238
MA0722.1	31455	0.866058938721659	0.0603242048779903
MA0723.1	31455	0.864839210430793	0.0587885338628569
MA0724.1	31455	0.829758647880369	0.0590546384708509
MA0725.1	31455	0.844886635390198	0.0703194648004399
MA0726.1	31455	0.829469492758657	0.0710407811790072
MA0112.3	31455	0.71456712581296	0.0434310535858447
MA0141.3	31455	0.780564816727073	0.0550169772098888
MA0017.2	31455	0.809581020578065	0.0511375829558537
MA0113.3	31455	0.730371627527627	0.0468400289138128
MA0727.1	31455	0.726487539163826	0.0469062931040308
MA0728.1	31455	0.713852431919764	0.0447416428429506
MA0729.1	31455	0.697055922603894	0.0413935427080544
MA0730.1	31455	0.713026783629994	0.0417938048070878
MA0731.1	31455	0.675818732591798	0.0447019237584545
MA0472.2	31455	0.801195583624503	0.0540639481604475
MA0732.1	31455	0.773821498045083	0.061621537936852
MA0733.1	31455	0.776221977004284	0.0507081752380596
MA0735.1	31455	0.696961667320238	0.0438543063336769
MA0736.1	31455	0.780597271527508	0.0451708956235922
MA0737.1	31455	0.738710063431501	0.0407097957375911
MA0738.1	31455	0.900831350597032	0.0415516802434574
MA0739.1	31455	0.863232343584859	0.0444919214879939
MA0740.1	31455	0.815439975758549	0.0612175292126161
MA0741.1	31455	0.868467413739982	0.0678512706800926
MA0742.1	31455	0.808402433405828	0.05388506799751
MA0747.1	31455	0.869380613206543	0.0545344715154329
MA0749.1	31455	0.702533683648822	0.0430896200997368
MA0751.1	31455	0.798602480000131	0.0439202612074169
MA0088.2	31455	0.749273274699544	0.043470752589901
MA0752.1	31455	0.684764133970385	0.0454923269586015
MA0754.1	31455	0.786124591930317	0.0636979020317307
MA0755.1	31455	0.770670128539449	0.0619621810794266
MA0756.1	31455	0.739427569616475	0.0634631363407819
MA0757.1	31455	0.735933204117765	0.0678549987011283
MA0758.1	31455	0.690403127699648	0.0489194213488136
MA0759.1	31455	0.827661494454933	0.0558869178548913
MA0760.1	31455	0.831687291631087	0.0511200038181397
MA0474.2	31455	0.849695896863459	0.0508736390357489
MA0098.3	31455	0.846903253991237	0.0519591924756531
MA0762.1	31455	0.808146981321552	0.0500234734551181
MA0763.1	31455	0.836484192124175	0.0484615419984499
MA0156.2	31455	0.841698362949885	0.052643477089928
MA0767.1	31455	0.832995351817971	0.0427819132827442
MA0768.1	31455	0.755165865187056	0.0486497888496117
MA0770.1	31455	0.76034123986432	0.0524547336237178
MA0771.1	31455	0.788621702592019	0.0483741583510127
MA0772.1	31455	0.766321740642037	0.0520337658217509
MA0773.1	31455	0.765339415956175	0.065274666099854
MA0498.2	31455	0.934433372141558	0.0512707821853145
MA0774.1	31455	0.868817200393605	0.055408491518991
MA0775.1	31455	0.893688273726587	0.0503116904293514
MA0776.1	31455	0.746336053074474	0.0448189375849921
MA0777.1	31455	0.714069718577223	0.0415956294073767
MA0105.4	31455	0.711581908419956	0.0529009204104202
MA0778.1	31455	0.744980582396125	0.0540750822191371
MA0779.1	31455	0.747546410298267	0.034873334249448
MA0780.1	31455	0.740430690573865	0.0707393176703238
MA0781.1	31455	0.721028198810781	0.0372137439531977
MA0783.1	31455	0.727186173560967	0.0513386092511348
MA0784.1	31455	0.743621522169016	0.0633755506292091
MA0785.1	31455	0.791278788164134	0.0632912647685493
MA0786.1	31455	0.789142486270859	0.0669165426145018
MA0787.1	31455	0.778873873269631	0.0656544491508038
MA0788.1	31455	0.772789564092107	0.0647052024752925
MA0789.1	31455	0.801984672849498	0.0694948955901377
MA0790.1	31455	0.739795669853456	0.069141618343321
MA0791.1	31455	0.719249356326153	0.0669249940966328
MA0792.1	31455	0.824730026621707	0.0650891775771507
MA0793.1	31455	0.807210584824689	0.0618479554838884
MA0794.1	31455	0.76061383297733	0.0435378526191538
MA0600.2	31455	0.721402325810789	0.0516066400753515
MA0795.1	31455	0.761324778452377	0.0520988644989992
MA0796.1	31455	0.702034019723353	0.0544183740667029
MA0797.1	31455	0.735058663568763	0.0504879456387854
MA0799.1	31455	0.768802531633824	0.0463850667991829
MA0510.2	31455	0.714894934436966	0.0514814096005013
MA0511.2	31455	0.83285525360662	0.0483388955624209
MA0800.1	31455	0.7892672028879	0.0459326755502798
MA0801.1	31455	0.856802888672636	0.0491628685384604
MA0802.1	31455	0.805020514025582	0.0486468948312078
MA0803.1	31455	0.835075058000586	0.0533198588667039
MA0804.1	31455	0.688126453813943	0.0409035758909401
MA0805.1	31455	0.834424079296135	0.0544806306811451
MA0806.1	31455	0.863656153910251	0.0478195861544126
MA0807.1	31455	0.873082268990036	0.0453421868731598
MA0808.1	31455	0.874661414393361	0.053393086933223
MA0810.1	31455	0.864067534939321	0.0504089637061515
MA0811.1	31455	0.849692635317435	0.0485636793994043
MA0812.1	31455	0.8434702484364	0.0554718646611918
MA0813.1	31455	0.805957661414913	0.056587869493064
MA0524.2	31455	0.845833391374216	0.0481773544748276
MA0815.1	31455	0.797898754598377	0.0590480389812849
MA0816.1	31455	0.83561407746925	0.0523384247268762
MA0461.2	31455	0.829727442267875	0.048225847297652
MA0464.2	31455	0.80683351007977	0.0615692117294696
MA0817.1	31455	0.770144599233702	0.0537709450449802
MA0818.1	31455	0.800502293438499	0.0507231964731965
MA0819.1	31455	0.811893444776875	0.04670881393024
MA0820.1	31455	0.863305227333735	0.0489405345812932
MA0821.1	31455	0.741332807972425	0.051962873880599
MA0822.1	31455	0.721691247596885	0.0536985792858381
MA0823.1	31455	0.800197638741288	0.0623226188042156
MA0058.3	31455	0.823515429968599	0.0606672162660946
MA0825.1	31455	0.834425820082897	0.0576506638860661
MA0826.1	31455	0.782676192919044	0.0535373435543152
MA0827.1	31455	0.825400362042658	0.0459622262617359
MA0828.1	31455	0.77926968688095	0.0545506107421455
MA0832.1	31455	0.740972466331495	0.049681004277593
MA0834.1	31455	0.730851560943069	0.0605633160908973
MA0466.2	31455	0.814161751004263	0.0476784703551425
MA0837.1	31455	0.822283047110842	0.0465965210439433
MA0838.1	31455	0.777408587767306	0.0488149221083055
MA0839.1	31455	0.735126991805207	0.043914740361827
MA0840.1	31455	0.760473722509137	0.0623855880589136
MA0117.2	31455	0.817336800529745	0.045549575370983
MA0841.1	31455	0.760244586979886	0.055494805167005
MA0843.1	31455	0.778944870331763	0.0542216849437226
MA0844.1	31455	0.753918796097838	0.0437296447019803
MA0845.1	31455	0.808848163040189	0.0635906604688168
MA0032.2	31455	0.837791325774652	0.0622719805398624
MA0846.1	31455	0.832161029556043	0.0633139933255432
MA0848.1	31455	0.879862227198135	0.0594688885157902
MA0849.1	31455	0.864728237315995	0.0622428342657512
MA0850.1	31455	0.917339914136102	0.0447434400573652
MA0851.1	31455	0.793304992437836	0.0614091133779397
MA0853.1	31455	0.748631621968958	0.0534657255435064
MA0854.1	31455	0.75159289067747	0.0562396460531271
MA0855.1	31455	0.724248818206521	0.0470669469032319
MA0856.1	31455	0.734778602965742	0.0463626768417417
MA0857.1	31455	0.68754497535026	0.0463564355433062
MA0858.1	31455	0.70590572562038	0.0436422521907719
MA0859.1	31455	0.705869324905559	0.045715082672339
MA0860.1	31455	0.696439062978401	0.0433353436892255
MA0525.2	31455	0.701648825499567	0.039741965760233
MA0106.3	31455	0.711304113061676	0.0386232166673928
MA0861.1	31455	0.746058973874328	0.0402833851668448
MA0862.1	31455	0.814315540694658	0.051273289400968
MA0863.1	31455	0.727074043263216	0.040721527630388
MA0024.3	31455	0.763295841176438	0.0470483848730809
MA0865.1	31455	0.730794537495928	0.0481165764378892
MA0866.1	31455	0.700725787971269	0.0533299842877504
MA0869.1	31455	0.666660995368589	0.0559745983509381
MA0870.1	31455	0.702045472552232	0.0532454957115221
MA0872.1	31455	0.792133774974771	0.0604961316276771
MA0028.2	31455	0.803816987809307	0.061461804993737
MA0873.1	31455	0.78971870294442	0.049332123874293
MA0874.1	31455	0.741162454918708	0.0531824667156664
MA0875.1	31455	0.887456179431901	0.0629486273934364
MA0876.1	31455	0.894454364079215	0.0601870718166229
MA0879.1	31455	0.861616071815509	0.0603431048903824
MA0880.1	31455	0.877882333988961	0.0641373747606673
MA0881.1	31455	0.878831600272242	0.0616994137559079
MA0882.1	31455	0.877303279289747	0.063344542635028
MA0883.1	31455	0.790414681247835	0.045551009787443
MA0884.1	31455	0.792973252565139	0.0535413839929443
MA0885.1	31455	0.869168026939868	0.0711294274987973
MA0886.1	31455	0.831684055582823	0.0632522609679566
MA0887.1	31455	0.858763972839974	0.05292013250613
MA0888.1	31455	0.85646037223897	0.0536958584246649
MA0889.1	31455	0.824956338518565	0.0609430923762389
MA0890.1	31455	0.839736721909883	0.0647569705263097
MA0891.1	31455	0.853841416250302	0.0489854015062967
MA0892.1	31455	0.873474286764133	0.0503806676167943
MA0894.1	31455	0.835513243784579	0.0665237937810902
MA0895.1	31455	0.842690506891636	0.0489734012218825
MA0896.1	31455	0.764663778434161	0.0458513325012437
MA0897.1	31455	0.744962183634899	0.0494318182385883
MA0898.1	31455	0.742650700319995	0.0497122570938558
MA0899.1	31455	0.833966494421202	0.0622004639605366
MA0903.1	31455	0.878496290189244	0.0589561883371453
MA0905.1	31455	0.836188991021163	0.055886674381107
MA0906.1	31455	0.782553598138256	0.0509026660388812
MA0907.1	31455	0.783600307608517	0.0542255801203026
MA0908.1	31455	0.819868389039855	0.0557341629622187
MA0911.1	31455	0.803992174281248	0.0484848594260391
MA0914.1	31455	0.871345232160255	0.0488985883241659
MA0852.2	31455	0.801966881081549	0.0539729070935089
MA0036.3	31455	0.829038255646333	0.0605940653508387
MA1106.1	31455	0.828346375232059	0.0590976191122935
MA0147.3	31455	0.803152509900891	0.0585354749791469
MA0100.3	31455	0.868687860152206	0.0568079272789055
MA0104.4	31455	0.782391354468976	0.0573925676718527
MA1109.1	31455	0.825450322508668	0.0497063777697107
MA0161.2	31455	0.838444112633829	0.058102450934122
MA0060.3	31455	0.825110826383487	0.0627679449190482
MA1110.1	31455	0.800610065483627	0.052013227036132
MA1111.1	31455	0.829206951073819	0.0568448235363615
MA0014.3	31455	0.8071335775343	0.0491371110968502
MA1114.1	31455	0.759456653338673	0.0490954493078591
MA1115.1	31455	0.818381289283048	0.0675312112305489
MA1116.1	31455	0.889596583184969	0.0624804495059276
MA1117.1	31455	0.820332020648177	0.0521115713624368
MA1118.1	31455	0.796583662036682	0.0500266954692333
MA1119.1	31455	0.744616664101144	0.0464789169054418
MA0442.2	31455	0.859810560702903	0.060022624940858
MA1120.1	31455	0.837572570848208	0.0595285254174517
MA1121.1	31455	0.804298130877797	0.0519106604266247
MA1122.1	31455	0.838513219650962	0.0655267359278377
MA0750.2	31455	0.824763832949869	0.0584605621444553
MA0103.3	31455	0.868322707719945	0.0577522326456071
MA1124.1	31455	0.715301705650102	0.0572269560411036
MA1125.1	31455	0.816007279918492	0.103150223652289
MA1154.1	31455	0.740604381891709	0.0384912541068878
MA1155.1	31455	0.738358340812891	0.0461179138602566
MA0037.3	31455	0.871236865422213	0.0591297505319149
MA0099.3	31455	0.815719718551304	0.0544526668970641
MA1126.1	31455	0.752563157910372	0.0500098358730747
MA1127.1	31455	0.757582719044992	0.0603991312825998
MA1128.1	31455	0.804467489988801	0.053748543230735
MA1129.1	31455	0.76776069194019	0.0596244942220445
MA1130.1	31455	0.810638017852546	0.0543938927446279
MA1131.1	31455	0.781568909268881	0.0590909407506777
MA1132.1	31455	0.822091752844759	0.0497231830600177
MA1133.1	31455	0.773638426014889	0.0561039093873216
MA1134.1	31455	0.795196191107286	0.0553312917955148
MA1135.1	31455	0.80986519656448	0.0566743243919001
MA1136.1	31455	0.782953544162795	0.0577696793114933
MA1137.1	31455	0.802553995906717	0.0516084355625084
MA1138.1	31455	0.805310351914432	0.0584452301425004
MA1139.1	31455	0.752834471281358	0.062359105576323
MA1141.1	31455	0.795588296644286	0.0538175050081204
MA1142.1	31455	0.838262200676155	0.0503867174011065
MA1143.1	31455	0.813418827054836	0.0529351282331154
MA1144.1	31455	0.80569946475752	0.0566101368509701
MA1145.1	31455	0.760453513976132	0.0573140312474099
MA1146.1	31455	0.757706461862496	0.037382459532021
MA1147.1	31455	0.772084893965022	0.037151140875512
MA1148.1	31455	0.761620534829346	0.0364739718944289
MA1149.1	31455	0.789009450649743	0.0378108846216697
MA1150.1	31455	0.831970414574181	0.0458110431177574
MA1151.1	31455	0.836454100630729	0.042915389866315
MA1152.1	31455	0.876839362076708	0.0570938251713042
MA0831.2	31455	0.852706073486411	0.0564018374438917
MA0693.2	31455	0.883857857757101	0.0514345775228895
MA1153.1	31455	0.863207480201383	0.0592474908942705
MA1418.1	31455	0.708363265584752	0.0450061489770063
MA1419.1	31455	0.704551633312202	0.0455186638754595
MA1420.1	31455	0.749094207185512	0.0407117974676232
MA1421.1	31455	0.777052076856656	0.0487324088361383
MA1463.1	31455	0.786969722128616	0.0740335255368313
MA1464.1	31455	0.801179727859206	0.0627012686439625
MA1466.1	31455	0.733528873111161	0.0452759906835592
MA1467.1	31455	0.830924159873611	0.0476941467475272
MA1468.1	31455	0.8535487469096	0.0408565151663124
MA1101.2	31455	0.714405370175073	0.0473831188698124
MA1470.1	31455	0.70009690797992	0.0421496914039537
MA1471.1	31455	0.823565863888473	0.0639821664690751
MA1472.1	31455	0.874047440975163	0.0448469120416598
MA1473.1	31455	0.801730392657247	0.0591805093730022
MA1474.1	31455	0.790780169704012	0.0467243840372123
MA1475.1	31455	0.778313602327498	0.0555939474709967
MA1476.1	31455	0.843180535463305	0.0771151357057208
MA1478.1	31455	0.815192810433083	0.048823662094232
MA1479.1	31455	0.786007712524258	0.0510816965316981
MA1480.1	31455	0.808887923493289	0.0517573152147124
MA1481.1	31455	0.868112994436427	0.0672271687680749
MA1483.1	31455	0.790272534234711	0.053298780706043
MA1484.1	31455	0.848269147833139	0.0527985596696974
MA1485.1	31455	0.765658831250468	0.0458134726029485
MA1487.1	31455	0.787359656755569	0.0564386401464791
MA1489.1	31455	0.779136862184073	0.0769856094314057
MA1491.1	31455	0.777977871129602	0.0433865510502225
MA1493.1	31455	0.799632449197237	0.0445938458782779
MA1494.1	31455	0.731820032542539	0.0445750622302129
MA1495.1	31455	0.876331888795116	0.0564778474181806
MA1496.1	31455	0.900999527881586	0.0467276275244696
MA1497.1	31455	0.854257896928668	0.048920628435205
MA1498.1	31455	0.882348977453894	0.0571900248571019
MA1499.1	31455	0.86537976343649	0.0684224389304365
MA1500.1	31455	0.894506073419692	0.049005168332227
MA1501.1	31455	0.841452010599779	0.0478100197970085
MA1502.1	31455	0.874740745120868	0.0615267909422795
MA1503.1	31455	0.796297939269583	0.0550476684680478
MA1504.1	31455	0.891545819655657	0.0657831939502474
MA1505.1	31455	0.879072266786938	0.0537037685566719
MA1506.1	31455	0.781062309295424	0.0511334106016338
MA1507.1	31455	0.884584786643501	0.0675971427687355
MA1508.1	31455	0.835785177228153	0.0519595172306738
MA1509.1	31455	0.793639005604161	0.0469112935290141
MA1511.1	31455	0.861355674699547	0.0573270702217808
MA1512.1	31455	0.862831203115139	0.0631453903924318
MA1513.1	31455	0.847445313350324	0.101168619406402
MA1514.1	31455	0.779760743416564	0.050817282725517
MA1515.1	31455	0.890131139492055	0.063245166827153
MA1516.1	31455	0.839090441015098	0.0634899457847953
MA1517.1	31455	0.877473017899437	0.0596594178568164
MA1518.1	31455	0.892401780586822	0.0517498711717667
MA1519.1	31455	0.840479753603282	0.0709052935576809
MA1520.1	31455	0.751779637438644	0.041193814518127
MA1521.1	31455	0.758471721734098	0.0414840245362766
MA1522.1	31455	0.868068069799909	0.0777410871210469
MA1523.1	31455	0.850283933310993	0.0460434266281878
MA1524.1	31455	0.844986021825537	0.0485836331618823
MA1525.1	31455	0.864758555631526	0.0508613074607756
MA1527.1	31455	0.739913866640092	0.0514723059031839
MA1528.1	31455	0.751144506240527	0.050500624872545
MA1529.1	31455	0.729481857236053	0.0469577791262485
MA1530.1	31455	0.861576165236212	0.0567247029743569
MA1531.1	31455	0.771021405980155	0.0398084280408351
MA1532.1	31455	0.80100517870311	0.0351088626994687
MA1533.1	31455	0.783412492282751	0.0344265804528589
MA1534.1	31455	0.851451957537117	0.0521406278678604
MA1535.1	31455	0.908083908579145	0.0563555406441144
MA1536.1	31455	0.947244512961848	0.0355083505359257
MA1537.1	31455	0.755679287265885	0.0435832996960668
MA1538.1	31455	0.735842391061316	0.0429913520278594
MA1539.1	31455	0.721300907311913	0.0439829791472669
MA1540.1	31455	0.849292573857775	0.0494561594948878
MA1541.1	31455	0.753421650666477	0.0427637782954074
MA1542.1	31455	0.836753625649121	0.0466388545249464
MA1544.1	31455	0.75248626936131	0.0469414796002833
MA1545.1	31455	0.789371162862987	0.0464696310421594
MA1546.1	31455	0.751345108505913	0.0368172812066803
MA1547.1	31455	0.851185372719181	0.0645024285104671
MA1548.1	31455	0.83070988542342	0.0666605700553787
MA1549.1	31455	0.840758796564688	0.0549033727185212
MA1550.1	31455	0.756587268062725	0.0427993745711374
MA1552.1	31455	0.753068001789818	0.0404288888686796
MA1553.1	31455	0.741216566540102	0.0415674024255226
MA1554.1	31455	0.884998992336866	0.0377450212206924
MA1555.1	31455	0.761200832989384	0.0418586220808708
MA1556.1	31455	0.756779245007628	0.0437947616661141
MA1557.1	31455	0.78586288779904	0.0470070305351589
MA1558.1	31455	0.873960619992647	0.0513940961405936
MA1559.1	31455	0.834955848960356	0.0507169255848953
MA1560.1	31455	0.799732371064391	0.0596874502803796
MA1561.1	31455	0.77276415715855	0.0476125000712281
MA1562.1	31455	0.78519763230907	0.0512399051309958
MA1563.1	31455	0.921663154154197	0.0328832667945123
MA1564.1	31455	0.861624963521458	0.0679727886519982
MA1565.1	31455	0.814531062454334	0.0443206978035891
MA1566.1	31455	0.881733280835754	0.0390593740290678
MA1567.1	31455	0.854982684966456	0.0432439454357889
MA1568.1	31455	0.813336797283638	0.0393596195912086
MA1569.1	31455	0.863286014975465	0.0642708746515967
MA1570.1	31455	0.86474491670503	0.047414459727549
MA1571.1	31455	0.751657301477351	0.0468646324410444
MA1572.1	31455	0.759430158518285	0.0464850269748315
MA1573.1	31455	0.71375242490112	0.0579108809908221
MA1574.1	31455	0.799403822052853	0.0384909758374491
MA1575.1	31455	0.736672196790218	0.0414310681013959
MA1576.1	31455	0.739904518476181	0.0366365153306574
MA1577.1	31455	0.851608466048876	0.0793911597190415
MA1578.1	31455	0.864718839617939	0.0656643281264034
MA1579.1	31455	0.833367760457414	0.0546446621206922
MA1580.1	31455	0.790037258993314	0.057943747937467
MA1581.1	31455	0.820275741961294	0.0499033963552281
MA1583.1	31455	0.811876632396374	0.0555682531939701
MA1584.1	31455	0.76583448591082	0.0485269920762902
MA1585.1	31455	0.796306000047939	0.0512257029905962
MA1587.1	31455	0.773454072763535	0.0458393756718512
MA1588.1	31455	0.733908269141089	0.043609498209175
MA1589.1	31455	0.685075461844132	0.0356901966628956
MA1592.1	31455	0.780969082073035	0.040025435551061
MA1593.1	31455	0.803307378042209	0.0507166667311578
MA1594.1	31455	0.684321788175398	0.0326962797155876
MA1596.1	31455	0.759763558742916	0.0604273533461073
MA1597.1	31455	0.706897288975074	0.0414871090647621
MA1599.1	31455	0.759176289834154	0.0533053783028973
MA1600.1	31455	0.72802633092353	0.0370387774244788
MA1601.1	31455	0.837073750517728	0.0548745737626248
MA1602.1	31455	0.788684915097647	0.0466724168438173
MA1603.1	31455	0.769399940141674	0.054780310326813
MA1604.1	31455	0.796005495174514	0.0548040923960524
MA1606.1	31455	0.826357515720337	0.067807088344871
MA1607.1	31455	0.787903300848384	0.0632826740655655
MA1608.1	31455	0.825110238939777	0.0577719613027638
MA1615.1	31455	0.81456849005586	0.0587186234180869
MA1616.1	31455	0.776713832809498	0.0447686779477318
MA1618.1	31455	0.822724902454982	0.0530426389354246
MA1619.1	31455	0.825915791958115	0.0573946083258041
MA1620.1	31455	0.833060494436529	0.0533324407137483
MA1621.1	31455	0.829843680016515	0.0515882044765052
MA1622.1	31455	0.797614219245385	0.0604009410932451
MA1623.1	31455	0.799187330372289	0.0625804813334274
MA1624.1	31455	0.811910463284042	0.0567436428336105
MA1625.1	31455	0.797608803719066	0.0592620940914409
MA1627.1	31455	0.822716074747972	0.0630181731120465
MA1628.1	31455	0.865253421472999	0.0545611068949534
MA1629.1	31455	0.802103353134412	0.0501908723783023
MA1630.1	31455	0.811947288513891	0.0661472559870986
MA1100.2	31455	0.870928230402713	0.0490420596729377
MA0605.2	31455	0.740303605858542	0.0647393657415198
MA0877.2	31455	0.889443140288818	0.0458310700811245
MA0462.2	31455	0.799316241118992	0.0607414044966368
MA0463.2	31455	0.746518600490635	0.0432321097107425
MA0878.2	31455	0.792086223681875	0.0580513196722395
MA0864.2	31455	0.74925825626836	0.0431754160158054
MA0469.3	31455	0.693536461509674	0.0421698094212593
MA0470.2	31455	0.741854826406706	0.0447627389083503
MA0612.2	31455	0.843551228872609	0.0671996372260302
MA0847.2	31455	0.824234866620828	0.0547499513025392
MA0766.2	31455	0.854100844570584	0.0531480771094304
MA0038.2	31455	0.800010043551938	0.0487742925944136
MA0734.2	31455	0.760346148262909	0.0442161356642118
MA0893.2	31455	0.898454605733722	0.0520094468796533
MA1099.2	31455	0.844471668729864	0.0655796760606783
MA0616.2	31455	0.800394646402866	0.0647093979541696
MA0650.2	31455	0.800662202916802	0.0551818499328565
MA0900.2	31455	0.843485577991934	0.0698663683840876
MA0158.2	31455	0.870565825078588	0.0571537742343128
MA0594.2	31455	0.862637865517637	0.04367393380296
MA0902.2	31455	0.881274625978517	0.0615892649193733
MA0904.2	31455	0.860416799670849	0.0600871803318716
MA0485.2	31455	0.786651126765694	0.0563766226070869
MA0909.2	31455	0.814611626053473	0.0476628650144178
MA0912.2	31455	0.827784181992572	0.0623579776191162
MA0910.2	31455	0.869803872149282	0.0602528184827276
MA0913.2	31455	0.824181624524266	0.0633227592345942
MA1140.2	31455	0.720607898366026	0.0604693945726437
MA0701.2	31455	0.839656019700129	0.0668724807114664
MA0702.2	31455	0.810771986776398	0.078441985360686
MA0703.2	31455	0.761193871692346	0.0830117202402383
MA0623.2	31455	0.798715661812137	0.051304504398747
MA0842.2	31455	0.783264050163438	0.0465559965680236
MA0682.2	31455	0.851467270850819	0.0621863360341878
MA0075.3	31455	0.82439715452103	0.075882552916267
MA0867.2	31455	0.872461872710438	0.0541510179789918
MA0868.2	31455	0.838393485997478	0.0545889574266308
MA0079.4	31455	0.810635665403054	0.0665416163414134
MA0516.2	31455	0.787480263695406	0.0573553255984448
MA0746.2	31455	0.849040845672441	0.0675650077315881
MA0632.2	31455	0.828125659225166	0.0662730916968629
MA0871.2	31455	0.793777833553464	0.0601759991803248
MA0753.2	31455	0.801737416671272	0.072222114862783
MA0122.3	31455	0.785934116153722	0.055591706694348
MA1631.1	31455	0.833391448500586	0.0543053582706596
MA1632.1	31455	0.784859411805808	0.0611472045693329
MA1633.1	31455	0.769224010653945	0.052915495881998
MA1634.1	31455	0.80099959115105	0.0609937894276709
MA1635.1	31455	0.852472143884115	0.0672397763585988
MA1636.1	31455	0.766110945318319	0.0513965645166725
MA1637.1	31455	0.795241652132806	0.0565014898674093
MA1638.1	31455	0.86651176151724	0.058944410842447
MA1639.1	31455	0.792534969045561	0.0587417797137459
MA1640.1	31455	0.765104174456732	0.0605009095942691
MA1641.1	31455	0.818014137832037	0.0568197976190742
MA1642.1	31455	0.834994215325769	0.0513621510390126
MA1643.1	31455	0.706844557932512	0.0461477737100644
MA1644.1	31455	0.824576815198847	0.0635999665218883
MA1645.1	31455	0.816583206183542	0.0474261113619727
MA1646.1	31455	0.844108223702727	0.0515225221543857
MA1647.1	31455	0.8483085261739	0.0529170000001422
MA1648.1	31455	0.865341672267766	0.0568658473194442
MA1649.1	31455	0.847606313337103	0.0550296282472562
MA1650.1	31455	0.807733369122584	0.0724850926245007
MA1651.1	31455	0.732802519586408	0.0504714556466696
MA1652.1	31455	0.818793123704308	0.0512200156266668
MA1653.1	31455	0.841254163362856	0.080578259825484
MA1654.1	31455	0.699946176296936	0.0337199363862951
MA1655.1	31455	0.822710154627876	0.0507302788477981
MA1656.1	31455	0.796056704811703	0.0499447809796434
MA1657.1	31455	0.776382636989825	0.0579035790562889
MA1683.1	31455	0.826805908389306	0.0651351354242129
MA0833.2	31455	0.76783238773416	0.0527130268238972
MA0835.2	31455	0.799230121419859	0.0593865253047696
MA0465.2	31455	0.796568760422447	0.0636452494639336
MA0102.4	31455	0.768754857099542	0.0535288516096385
MA0836.2	31455	0.783371742062998	0.0546311686116573
MA0018.4	31455	0.794932885144257	0.0663455661648802
MA1102.2	31455	0.827161384524548	0.0656748429351166
MA0471.2	31455	0.842780076063192	0.057867274414376
MA0154.4	31455	0.776694627548072	0.0515943532963363
MA0162.4	31455	0.805210680128166	0.0706592113263537
MA0598.3	31455	0.805415011206279	0.0513664008995985
MA0473.3	31455	0.808000832389243	0.052204436713126
MA0640.2	31455	0.821133392845189	0.0503875708654963
MA0592.3	31455	0.783182301983413	0.0541155526740093
MA0761.2	31455	0.816055612772684	0.0520168257632149
MA0764.2	31455	0.885665948872182	0.06184549961302
MA0765.2	31455	0.85072815084086	0.0561739958954265
MA0477.2	31455	0.788394574495869	0.0597086721091363
MA0148.4	31455	0.798596379716436	0.0625784137348634
MA0047.3	31455	0.823872048315283	0.0649224829786592
MA1103.2	31455	0.824733295875642	0.0652247213203386
MA0481.3	31455	0.829855493752353	0.0657847397842983
MA0062.3	31455	0.807843208280179	0.0515171656789077
MA0035.4	31455	0.819422765172945	0.0567759431455647
MA0482.2	31455	0.810683472351668	0.054111161107995
MA1104.2	31455	0.789836366947064	0.0577655564139263
MA1105.2	31455	0.791953909195078	0.0528747240792908
MA0043.3	31455	0.781099877161524	0.0575028428581205
MA0114.4	31455	0.786562052515917	0.0529548901071725
MA0484.2	31455	0.79103252599464	0.052104016415307
MA0901.2	31455	0.779935985830945	0.069998125820317
MA0490.2	31455	0.775339301430741	0.0607350623598247
MA0491.2	31455	0.777970410577002	0.060128993445591
MA0039.4	31455	0.874221238705156	0.0712873503367411
MA1107.2	31455	0.79553194340847	0.0610648918084701
MA0700.2	31455	0.81336468899567	0.0669183457718128
MA0495.3	31455	0.750542949724037	0.0492552707554213
MA0659.2	31455	0.755226609576598	0.0481291190343622
MA0496.3	31455	0.746977093884401	0.0507378572839641
MA0052.4	31455	0.7740917587857	0.0653906381700604
MA0620.3	31455	0.754154046480148	0.0535694513814174
MA1108.2	31455	0.869888766845952	0.0618543288353898
MA0499.2	31455	0.823178961461785	0.0494441153556546
MA0500.2	31455	0.823426093420273	0.0628881341376071
MA0056.2	31455	0.817320536525472	0.0495699068888975
MA0089.2	31455	0.744414317885565	0.0474773579743885
MA0025.2	31455	0.780937751543975	0.0620637063354917
MA0502.2	31455	0.803303426684641	0.0574179988114322
MA0063.2	31455	0.842263535382385	0.0533557102158687
MA1112.2	31455	0.826910931563404	0.0557088083948578
MA0679.2	31455	0.732049200367812	0.0715505579713551
MA0712.2	31455	0.82773796474365	0.0572009579015587
MA1113.2	31455	0.776438688564419	0.0644861732810012
MA0681.2	31455	0.718100519987146	0.078826345542148
MA0782.2	31455	0.775526824123214	0.0526683195751576
MA0627.2	31455	0.778615149517782	0.0670068986756408
MA0508.3	31455	0.853808527007022	0.0578795421380879
MA0509.2	31455	0.778581775681499	0.0513911436052969
MA0798.2	31455	0.775972964982882	0.0507802979192206
MA0684.2	31455	0.829579850238794	0.0538729668384798
MA0743.2	31455	0.763409229754073	0.0462030191867764
MA0744.2	31455	0.766537334400018	0.0459049830196007
MA0745.2	31455	0.812275384484206	0.0515505240318367
MA0143.4	31455	0.832565434895856	0.0574119148751913
MA0080.5	31455	0.754838637512809	0.0464833189771174
MA0081.2	31455	0.779433322086339	0.046298315847028
MA0829.2	31455	0.768214500033044	0.0506853910499677
MA0522.3	31455	0.86604149131397	0.055996334400908
MA0830.2	31455	0.831268859806164	0.0541032761755027
MA0769.2	31455	0.83853055547151	0.0578914619735736
MA0090.3	31455	0.796262583309024	0.0525279700740478
MA0809.2	31455	0.815618359194442	0.0529798076607023
MA0003.4	31455	0.809081368875695	0.0567612311957658
MA0814.2	31455	0.813158616063295	0.0586381140913476
MA1123.2	31455	0.8207508135237	0.0518293084007623
MA0093.3	31455	0.77470014315228	0.0533985132757483
MA0526.3	31455	0.774152425928115	0.0543898106321879
MA0748.2	31455	0.812624723900926	0.0611612165540971
MA0528.2	31455	0.848272590122017	0.0634991908673754
MA0609.2	31455	0.728931462449552	0.0607879600607558
