[SHORT TFBS MATRIX]
MA0004.1	37794	0.888159701247348	0.0667930516454335
MA0006.1	37794	0.939361434273276	0.0537385927139183
MA0019.1	37794	0.856442306153342	0.0395290811041083
MA0029.1	37794	0.788130648305838	0.0489806776764666
MA0030.1	37794	0.815611379752191	0.0511995641661991
MA0031.1	37794	0.877534007857748	0.0571880212915759
MA0040.1	37794	0.850004595152596	0.0551805570143057
MA0051.1	37794	0.782132444915188	0.0417845655424144
MA0059.1	37794	0.823287732757336	0.0452862991518435
MA0066.1	37794	0.761548913074984	0.0314010768265672
MA0069.1	37794	0.792666199534656	0.0357614482876497
MA0070.1	37794	0.818038040002373	0.0463672039219138
MA0071.1	37794	0.859085907224726	0.0486043803484755
MA0072.1	37794	0.800355662303338	0.04679422943978
MA0073.1	37794	0.818411666677615	0.043892640618517
MA0074.1	37794	0.779321593295498	0.0366286791014691
MA0077.1	37794	0.876336556747106	0.0455009029046215
MA0084.1	37794	0.914059430726067	0.045530981332769
MA0091.1	37794	0.841656933501349	0.0429594210694848
MA0092.1	37794	0.904742273137878	0.0339081599382975
MA0101.1	37794	0.893913218513567	0.0385656186014579
MA0107.1	37794	0.853807414212383	0.0473896418449207
MA0108.2	37794	0.853573403230408	0.0450433108084596
MA0111.1	37794	0.886059957504263	0.0287139718569514
MA0115.1	37794	0.701019106161674	0.0415060448884905
MA0116.1	37794	0.847177434334342	0.0395683734054467
MA0119.1	37794	0.766590754432356	0.0476717942065396
MA0125.1	37794	0.897169557005429	0.05378650997997
MA0130.1	37794	0.982323364658674	0.0243167996683124
MA0135.1	37794	0.825229236380205	0.0604803964152323
MA0139.1	37794	0.794817975772365	0.0409835928218246
MA0142.1	37794	0.785748275457946	0.0467296102007856
MA0149.1	37794	0.714310821858995	0.0538024110729312
MA0138.2	37794	0.709144635845746	0.0384028005527079
MA0002.2	37794	0.877585497615192	0.0389595136903379
MA0065.2	37794	0.830834872338209	0.034503239965266
MA0151.1	37794	0.945408589281121	0.0662508276938195
MA0155.1	37794	0.874122423690681	0.0380753368720394
MA0159.1	37794	0.815538360919499	0.0320174968683302
MA0163.1	37794	0.819568757644767	0.0457016561070831
MA0164.1	37794	0.869989709531974	0.0623079343480703
MA0259.1	37794	0.915012620663939	0.0519819876828005
MA0145.2	37794	0.85353511489922	0.0362120924262836
MA0146.2	37794	0.879504799118592	0.0585703711003435
MA0468.1	37794	0.839780175743347	0.0517900242919482
MA0476.1	37794	0.856273974782243	0.0521804906175039
MA0478.1	37794	0.857697744590541	0.050517417611196
MA0479.1	37794	0.85629702722653	0.0493575265427228
MA0483.1	37794	0.869700636899303	0.0438443947657172
MA0488.1	37794	0.826254458050306	0.0475014998134315
MA0492.1	37794	0.825765554753222	0.0468663389301198
MA0494.1	37794	0.817792366006954	0.0332707987398921
MA0497.1	37794	0.849295806761454	0.055023813973136
MA0501.1	37794	0.773691733919842	0.0427425145908322
MA0504.1	37794	0.840601748089048	0.035046377984953
MA0515.1	37794	0.894995930378625	0.0445949970236986
MA0517.1	37794	0.816469340470709	0.0458615158405819
MA0518.1	37794	0.860463335547342	0.0432397031684017
MA0519.1	37794	0.876555064125188	0.0437878397083687
MA0520.1	37794	0.842317952868961	0.0454822654110604
MA0523.1	37794	0.844230333603022	0.0422625822094731
MA0527.1	37794	0.787786998680156	0.0499529164810639
MA0076.2	37794	0.869989014773179	0.048558957157999
MA0258.2	37794	0.821770948131832	0.0375592662601572
MA0150.2	37794	0.773515209737929	0.0421118104483485
MA0137.3	37794	0.856896254983656	0.0483314452959508
MA0144.2	37794	0.885758903210963	0.0421431602643174
MA0140.2	37794	0.794451169644137	0.0440233995461954
MA0591.1	37794	0.789811864861133	0.0397210645031972
MA0593.1	37794	0.868309800971558	0.0541752664745497
MA0595.1	37794	0.880213824810214	0.0428973449220346
MA0596.1	37794	0.865082831348573	0.0451065372234258
MA0599.1	37794	0.942845819963702	0.051002555031568
MA0601.1	37794	0.85318128121275	0.0707498279826413
MA0602.1	37794	0.83220837411985	0.0610999092117658
MA0603.1	37794	0.844252308636783	0.0527671492203017
MA0604.1	37794	0.861359350716482	0.0520601448875381
MA0608.1	37794	0.855627260091435	0.0482774687727389
MA0610.1	37794	0.828172853636224	0.056533078220387
MA0613.1	37794	0.873102787871557	0.0653830507733526
MA0614.1	37794	0.897543795433762	0.0567031260897534
MA0615.1	37794	0.833067912301723	0.0395133300046659
MA0618.1	37794	0.887187165905679	0.0551665314558061
MA0619.1	37794	0.903177377392679	0.0673264007134258
MA0621.1	37794	0.822851272946077	0.077322541579824
MA0622.1	37794	0.855658571981754	0.0606791572825265
MA0626.1	37794	0.870951292704203	0.0498770822467632
MA0628.1	37794	0.824792023617959	0.0675806431821075
MA0629.1	37794	0.82073866052312	0.0375755538794341
MA0630.1	37794	0.905252353452562	0.060203584553322
MA0631.1	37794	0.765363681013672	0.0444178110209452
MA0634.1	37794	0.874448880080273	0.0552343509409323
MA0007.3	37794	0.749977255725421	0.0405351720712271
MA0635.1	37794	0.897159638070047	0.0420556249770796
MA0636.1	37794	0.802762353626907	0.0526504873766972
MA0638.1	37794	0.781018178383383	0.0411250825692773
MA0639.1	37794	0.816888591480314	0.0534850492648671
MA0641.1	37794	0.799698776574765	0.0470778498169737
MA0027.2	37794	0.905325608654365	0.0530338846006866
MA0643.1	37794	0.850042906155545	0.0474065083813534
MA0645.1	37794	0.870425059594966	0.0468088625506152
MA0475.2	37794	0.84855831150124	0.04737556894342
MA0042.2	37794	0.892215160724584	0.0578410938189148
MA0033.2	37794	0.925624947542473	0.0554443383316306
MA0646.1	37794	0.824760029779373	0.0380705359569734
MA0647.1	37794	0.783502203246902	0.0482349110732219
MA0648.1	37794	0.87308885808098	0.0485534118343722
MA0649.1	37794	0.83829525616684	0.0511602399241198
MA0131.2	37794	0.834606777677944	0.0520935470078232
MA0046.2	37794	0.778772763382372	0.0595192701527581
MA0153.2	37794	0.768008094481837	0.0597471609741661
MA0486.2	37794	0.771303459624388	0.0502310090954149
MA0652.1	37794	0.743749907352858	0.0439698411443856
MA0653.1	37794	0.71983070316062	0.0458718191691801
MA0654.1	37794	0.889482386689933	0.0678268228813329
MA0655.1	37794	0.809007624342828	0.0556491173474259
MA0656.1	37794	0.768221769511159	0.0543925696345068
MA0657.1	37794	0.755408305303669	0.0400134451950066
MA0658.1	37794	0.845912302379992	0.0539817159904485
MA0660.1	37794	0.800246941602112	0.0664805005408632
MA0661.1	37794	0.872841522495258	0.0520107963290818
MA0662.1	37794	0.898843921310339	0.0538291458694218
MA0663.1	37794	0.802765613589951	0.0502480489308511
MA0664.1	37794	0.825721738891445	0.0486691030783266
MA0665.1	37794	0.835623737893034	0.0429908411748834
MA0667.1	37794	0.82180274207723	0.0477546137950287
MA0669.1	37794	0.82420455276462	0.0458470056628713
MA0670.1	37794	0.876363349021785	0.066028750118862
MA0671.1	37794	0.950074701518912	0.0282432846968878
MA0048.2	37794	0.852243056296302	0.0498555388580988
MA0672.1	37794	0.892613444778779	0.0407614116961933
MA0673.1	37794	0.922030077677418	0.0332774770008863
MA0674.1	37794	0.905610177531406	0.0561867372980249
MA0675.1	37794	0.914479127622254	0.0560358855190714
MA0676.1	37794	0.870941332853717	0.0486451054208254
MA0677.1	37794	0.769350599391927	0.0416293779570107
MA0678.1	37794	0.827393870938102	0.0475034525375519
MA0068.2	37794	0.860301089437959	0.0558303560194748
MA0683.1	37794	0.730564169735718	0.0576039890259943
MA0512.2	37794	0.749096232764945	0.0433358890234224
MA0686.1	37794	0.821031618230778	0.0427472839170798
MA0687.1	37794	0.830060570482547	0.0396316295019184
MA0083.3	37794	0.71471544105183	0.0447652259640223
MA0009.2	37794	0.728297212479514	0.0397148411595226
MA0688.1	37794	0.849658939154043	0.0401988538300077
MA0689.1	37794	0.831419645772756	0.0417634685948689
MA0691.1	37794	0.828867018539088	0.0504446422851175
MA0692.1	37794	0.848490846161046	0.0473230968300914
MA0694.1	37794	0.816918865006942	0.0429644650164254
MA0695.1	37794	0.841603011513319	0.0388303092562841
MA0696.1	37794	0.789631053002495	0.0445722676209025
MA0698.1	37794	0.825079349504116	0.045377116700872
MA0699.1	37794	0.883116527927927	0.050383215107582
MA0704.1	37794	0.893032913339496	0.0533971295152965
MA0705.1	37794	0.899727026879024	0.0527996287229639
MA0706.1	37794	0.879851859395455	0.0512352901512294
MA0709.1	37794	0.891772546108095	0.0642509933573606
MA0710.1	37794	0.890458433273039	0.0503664585497094
MA0124.2	37794	0.867972105705122	0.0455097520910162
MA0711.1	37794	0.90035096235436	0.0525386723982096
MA0132.2	37794	0.910523395153323	0.0616839618861537
MA0713.1	37794	0.819494354322386	0.062847084422199
MA0714.1	37794	0.893147194617611	0.0490840982867308
MA0715.1	37794	0.797007874104532	0.0695691532937176
MA0716.1	37794	0.898065931097012	0.0615671062526912
MA0717.1	37794	0.901883854552015	0.0573313019607518
MA0718.1	37794	0.882106797097094	0.0567699699543303
MA0719.1	37794	0.969682598058816	0.0233367532514857
MA0720.1	37794	0.898344694118457	0.0618433760434111
MA0721.1	37794	0.900234693430947	0.0589550482073851
MA0722.1	37794	0.89907374634087	0.053623030822519
MA0724.1	37794	0.862817076081649	0.0531182627995697
MA0725.1	37794	0.88641667892581	0.0630419317908095
MA0726.1	37794	0.871349198540648	0.0645245621746862
MA0112.3	37794	0.740674211588258	0.0414346656564229
MA0141.3	37794	0.807176627627087	0.0522359521938366
MA0017.2	37794	0.844277507159388	0.0505624149470482
MA0113.3	37794	0.752878818910604	0.0430546032161215
MA0727.1	37794	0.749065579833562	0.0433172273106139
MA0728.1	37794	0.74871403946866	0.050772309201541
MA0729.1	37794	0.725495950475801	0.0418650903074248
MA0730.1	37794	0.734133536127756	0.0387870789225604
MA0731.1	37794	0.695642419748538	0.0413589911977871
MA0472.2	37794	0.823219242116606	0.0488713047682201
MA0732.1	37794	0.796011969362233	0.0563166175457742
MA0733.1	37794	0.795171372011654	0.0447618896979612
MA0735.1	37794	0.719652429723881	0.0413059210409802
MA0736.1	37794	0.803147016715238	0.0415800512500001
MA0737.1	37794	0.761463915311697	0.0382965509405799
MA0738.1	37794	0.927477572872603	0.0357244589040986
MA0739.1	37794	0.889354463799411	0.0384166222240298
MA0741.1	37794	0.886677602847774	0.0580611428755105
MA0747.1	37794	0.885793753239378	0.045474319367012
MA0749.1	37794	0.724944726619492	0.0396900956432587
MA0751.1	37794	0.820869165407517	0.0405138389603402
MA0088.2	37794	0.769770064321207	0.0393003660845401
MA0752.1	37794	0.709874481983174	0.0429164823999239
MA0755.1	37794	0.802573799113774	0.0585339710630282
MA0757.1	37794	0.774406294562895	0.0633555458804886
MA0758.1	37794	0.718971065503769	0.0454781913752891
MA0760.1	37794	0.849534250629202	0.0448238804948943
MA0098.3	37794	0.865206642427975	0.0449897000773404
MA0762.1	37794	0.827026010189016	0.0437329866481494
MA0763.1	37794	0.853672258867672	0.0426381921135663
MA0767.1	37794	0.855480926845946	0.0382609348872188
MA0770.1	37794	0.784566762316477	0.0489052487839727
MA0771.1	37794	0.809708883230937	0.0449640986361035
MA0772.1	37794	0.795620570412073	0.0476695267292059
MA0773.1	37794	0.812466995321568	0.0687825843283923
MA0498.2	37794	0.956983129423321	0.0410266901068654
MA0774.1	37794	0.892722925177057	0.0497367543207921
MA0775.1	37794	0.917115202535398	0.0436682746739624
MA0776.1	37794	0.769197911828078	0.0423151464833738
MA0777.1	37794	0.736003019838879	0.0397966357928773
MA0105.4	37794	0.751613092770873	0.0519885059357199
MA0778.1	37794	0.784709017375896	0.0521554637417223
MA0779.1	37794	0.76599108128091	0.0320620245054407
MA0780.1	37794	0.780211037319052	0.0669942118875536
MA0781.1	37794	0.742761559583753	0.0351423599031921
MA0783.1	37794	0.756357778008277	0.0482630498638735
MA0785.1	37794	0.824908363315435	0.0581416275865315
MA0786.1	37794	0.824567416315317	0.0610272161646402
MA0787.1	37794	0.813613960393054	0.0605689390274469
MA0788.1	37794	0.808758943860477	0.0597393029864659
MA0789.1	37794	0.836339447547756	0.0646660888661402
MA0790.1	37794	0.779989672603577	0.0638236155001227
MA0791.1	37794	0.758093513298478	0.062026216788456
MA0792.1	37794	0.857533419059991	0.0592938898409585
MA0793.1	37794	0.843897981717066	0.0559733721203631
MA0794.1	37794	0.784848673976493	0.0409021780449499
MA0600.2	37794	0.741104573701112	0.0467287814477117
MA0795.1	37794	0.782742889480332	0.0462248775029157
MA0796.1	37794	0.731642286004593	0.0508022303976114
MA0797.1	37794	0.762613325296833	0.0465123843745462
MA0510.2	37794	0.734094428711333	0.047269905809181
MA0511.2	37794	0.857441307657422	0.0443761048489502
MA0800.1	37794	0.81751743383244	0.0425652867274768
MA0801.1	37794	0.891103412281387	0.0485905747311703
MA0802.1	37794	0.835507127003537	0.045182048982747
MA0803.1	37794	0.871003620354284	0.0533146529474422
MA0804.1	37794	0.710985946425377	0.0386660511665096
MA0805.1	37794	0.870959640950234	0.0536431096762604
MA0806.1	37794	0.895544226265842	0.0457652708859338
MA0807.1	37794	0.902220020067334	0.0425080180903841
MA0808.1	37794	0.904615866182415	0.0489494643417524
MA0810.1	37794	0.888739751761612	0.0442926758091975
MA0811.1	37794	0.87407214509515	0.0432811949251598
MA0812.1	37794	0.874361665109825	0.0478007112950105
MA0813.1	37794	0.835479771578392	0.0521799001259891
MA0524.2	37794	0.870269121610767	0.0431676596664548
MA0815.1	37794	0.828678172696747	0.0545772718260254
MA0816.1	37794	0.862770168836065	0.0478837001173553
MA0461.2	37794	0.854896771019981	0.0445337027215747
MA0464.2	37794	0.837288846519018	0.0541529270481396
MA0817.1	37794	0.797510594247892	0.0511622377511289
MA0820.1	37794	0.894254309575133	0.0433136763164575
MA0822.1	37794	0.755956862020888	0.0535207866063985
MA0823.1	37794	0.829950486347048	0.0564159395850477
MA0058.3	37794	0.852120068170461	0.0529159191814836
MA0825.1	37794	0.863003639324367	0.0510832884289218
MA0826.1	37794	0.809970812772824	0.0506597731313269
MA0827.1	37794	0.849889392352774	0.0431435770792823
MA0832.1	37794	0.766164101060464	0.0461938437221422
MA0834.1	37794	0.756601167190112	0.0534338606952514
MA0838.1	37794	0.80657949067745	0.0460951829438508
MA0839.1	37794	0.757712436556146	0.0402298206047437
MA0840.1	37794	0.787616728804188	0.0544110487376922
MA0117.2	37794	0.842928016937035	0.0421105570113433
MA0841.1	37794	0.791689001079412	0.0517321294354296
MA0843.1	37794	0.805799200913481	0.0527844497313912
MA0844.1	37794	0.775639606981959	0.0399095044389964
MA0845.1	37794	0.841909101173958	0.0582567163381044
MA0032.2	37794	0.870859156605676	0.0556705100218412
MA0846.1	37794	0.864928268290783	0.0566093214873567
MA0848.1	37794	0.910462337680066	0.053090953093619
MA0849.1	37794	0.89570893720214	0.0572483364708388
MA0850.1	37794	0.939019358373824	0.0384441511691991
MA0851.1	37794	0.824564549654108	0.0550408174831524
MA0853.1	37794	0.777657828006149	0.0503076405584968
MA0854.1	37794	0.782695448322431	0.0527452138132018
MA0855.1	37794	0.745984159978872	0.0434654433582866
MA0856.1	37794	0.756166329586549	0.0426712535947206
MA0857.1	37794	0.718980272318022	0.0468627849561828
MA0858.1	37794	0.727084888208727	0.0403448921433474
MA0859.1	37794	0.740175971947749	0.0499372205910067
MA0860.1	37794	0.724621172532404	0.0441598665955131
MA0525.2	37794	0.722597273175027	0.0379408424200982
MA0106.3	37794	0.73155370267063	0.0360870349925736
MA0861.1	37794	0.766928100073397	0.0382533753082954
MA0862.1	37794	0.838474038402927	0.0469275390858444
MA0863.1	37794	0.748600625668789	0.0378124392080507
MA0024.3	37794	0.788872259765792	0.0427928771469141
MA0866.1	37794	0.729028695692677	0.0510132897578019
MA0870.1	37794	0.729044134130864	0.0511043944147548
MA0872.1	37794	0.823724938319573	0.0558917275378299
MA0028.2	37794	0.824115249032808	0.0545219724563818
MA0873.1	37794	0.816771815955826	0.0461781724403189
MA0874.1	37794	0.770525781295186	0.0500976273518027
MA0875.1	37794	0.92319388534124	0.0520398664659985
MA0876.1	37794	0.926356007405089	0.0493054643817184
MA0880.1	37794	0.912641903514129	0.0585690316284187
MA0881.1	37794	0.912355303818698	0.0564468739010052
MA0882.1	37794	0.911779941722465	0.0574649965713825
MA0883.1	37794	0.817311185975176	0.0429161742937142
MA0886.1	37794	0.867501159471086	0.0552309126023906
MA0887.1	37794	0.890656225447684	0.0452572823584789
MA0888.1	37794	0.887876055832837	0.0458814496583388
MA0889.1	37794	0.857111142605296	0.0557251700059402
MA0890.1	37794	0.875392616079845	0.0591306669213109
MA0891.1	37794	0.886172032001942	0.0430533836268622
MA0892.1	37794	0.900363947568638	0.0441282246849102
MA0894.1	37794	0.872493523302934	0.0608417685620854
MA0895.1	37794	0.864510972508043	0.0451580240242278
MA0896.1	37794	0.790069768118497	0.0428053714883039
MA0897.1	37794	0.771286319583756	0.0468209385459327
MA0898.1	37794	0.769550285248989	0.046899295049517
MA0899.1	37794	0.867459397912067	0.0547330995397552
MA0903.1	37794	0.912621989918849	0.0494376575013611
MA0905.1	37794	0.866590759316703	0.0504041919709456
MA0906.1	37794	0.810369720400625	0.047696317008597
MA0907.1	37794	0.816279083507454	0.0492414270632539
MA0908.1	37794	0.85125397462465	0.0500438710184033
MA0911.1	37794	0.830919877464861	0.0444224458923565
MA0914.1	37794	0.902473402208156	0.0443859154265594
MA0852.2	37794	0.828662936518234	0.0482741406558071
MA0036.3	37794	0.860834148466335	0.0560598487172418
MA1106.1	37794	0.857298448615003	0.0558070115505131
MA0147.3	37794	0.83236626956936	0.0536850559302916
MA0100.3	37794	0.892051089081168	0.0577667746016503
MA0104.4	37794	0.811793831093568	0.0528372495957234
MA1109.1	37794	0.851843178936653	0.0444082220607329
MA0161.2	37794	0.866075611055722	0.0487430180608748
MA0060.3	37794	0.84453169220921	0.0559204275088196
MA1111.1	37794	0.860926411607903	0.0509526654069337
MA0014.3	37794	0.835160985007724	0.0453832436618207
MA1114.1	37794	0.784011375099877	0.0460029067598673
MA1115.1	37794	0.857547328445433	0.0609139563390654
MA1116.1	37794	0.921731821545226	0.0590244011923634
MA1117.1	37794	0.851808697476269	0.0441272245298319
MA1118.1	37794	0.820371268288413	0.0456232324580692
MA1119.1	37794	0.76781173567016	0.0426795113064634
MA0442.2	37794	0.887334543659737	0.0555002046811069
MA1120.1	37794	0.866896598891801	0.05470825682163
MA1121.1	37794	0.834910955614791	0.0461944742948394
MA1122.1	37794	0.866548996857787	0.0593737166975624
MA0750.2	37794	0.846286190110697	0.0519584618662729
MA0103.3	37794	0.904269044960144	0.0550924706028904
MA1124.1	37794	0.750922777079698	0.0621280413306212
MA1125.1	37794	0.87876796532988	0.0934749792838413
MA1154.1	37794	0.762123688640168	0.0368550657823073
MA1155.1	37794	0.758223813302673	0.0424916956222613
MA0099.3	37794	0.844791427548418	0.0487953472318469
MA1126.1	37794	0.775178949897105	0.0440026917420659
MA1127.1	37794	0.783759326475762	0.0524522402116597
MA1128.1	37794	0.832295528710064	0.0487059171381963
MA1129.1	37794	0.795691826509383	0.0519427303954291
MA1130.1	37794	0.839438136833062	0.048870324783641
MA1131.1	37794	0.80700695553176	0.0510659044023895
MA1132.1	37794	0.847847192197231	0.0447068710021099
MA1133.1	37794	0.798016899318844	0.0491419764801083
MA1134.1	37794	0.824805127625011	0.0502873652429573
MA1135.1	37794	0.840716542990206	0.0512233363873008
MA1136.1	37794	0.808764717576217	0.0503402050911396
MA1137.1	37794	0.829752640613462	0.0471086158612436
MA1138.1	37794	0.837133251390534	0.0530281619205569
MA1139.1	37794	0.779695658074648	0.0540676446127761
MA1141.1	37794	0.824624749188003	0.0489851833591052
MA1142.1	37794	0.865574652748595	0.0449397966530209
MA1143.1	37794	0.83662161292661	0.0461169004444293
MA1144.1	37794	0.83674060588201	0.051000251723743
MA1145.1	37794	0.784072699150365	0.0498320238005028
MA1146.1	37794	0.779241790718476	0.0341005947272606
MA1147.1	37794	0.793359014996389	0.0345226781580866
MA1148.1	37794	0.78105876341156	0.0337643631937308
MA1149.1	37794	0.808967818102242	0.0354934598015943
MA1150.1	37794	0.85673254335272	0.041277618309574
MA1151.1	37794	0.860095183570966	0.0388978573247936
MA1152.1	37794	0.907948781992131	0.0465848777164364
MA1153.1	37794	0.889281147406409	0.0569188321688862
MA1418.1	37794	0.732499645457335	0.0410726078647258
MA1419.1	37794	0.72765531891	0.042463575020916
MA1420.1	37794	0.7702610965425	0.0376994542970423
MA1421.1	37794	0.799784077175772	0.0453751189085903
MA1463.1	37794	0.827878698387724	0.0680094831824881
MA1464.1	37794	0.831492905859235	0.0546773786507325
MA1466.1	37794	0.75670570261167	0.0412400889115849
MA1468.1	37794	0.875032453273959	0.0370823726515961
MA1101.2	37794	0.74242300903895	0.0449734676341536
MA1470.1	37794	0.722424214752933	0.0388252397297859
MA1471.1	37794	0.862153125775415	0.0577470365939295
MA1473.1	37794	0.833993926925197	0.0548746389614067
MA1474.1	37794	0.813497806999398	0.0420216743647523
MA1475.1	37794	0.800827832087484	0.0479797705798497
MA1478.1	37794	0.83918427748571	0.0459915538531641
MA1479.1	37794	0.810949137623992	0.0486464440024741
MA1480.1	37794	0.840589348657567	0.0471701408793495
MA1481.1	37794	0.904246213636296	0.059980879925426
MA1484.1	37794	0.866225035546459	0.0462055658197586
MA1485.1	37794	0.790467502658505	0.0430524201235595
MA1489.1	37794	0.811907974810817	0.0751216506834578
MA1493.1	37794	0.824582037706789	0.0423036587083173
MA1494.1	37794	0.753393607245364	0.0404861890777455
MA1495.1	37794	0.906173481639761	0.0474990942894388
MA1496.1	37794	0.926208011899729	0.0419698145439427
MA1497.1	37794	0.880469551298191	0.0442067720247083
MA1499.1	37794	0.90211938654282	0.064289487147553
MA1500.1	37794	0.920771024981627	0.043875629402156
MA1501.1	37794	0.866917481556387	0.0445901795846569
MA1502.1	37794	0.908239153069059	0.0538928455661588
MA1503.1	37794	0.826384726487686	0.0511554683382754
MA1504.1	37794	0.926671837600224	0.0579513751831466
MA1505.1	37794	0.90850092305146	0.0455216104451542
MA1506.1	37794	0.808865192644882	0.0480744515418697
MA1507.1	37794	0.920315918934606	0.0623126429941442
MA1508.1	37794	0.860203568218664	0.0454400982067066
MA1509.1	37794	0.820062948529936	0.0443148051157687
MA1512.1	37794	0.881141050555588	0.0538644742930027
MA1513.1	37794	0.877897501064182	0.0881759009542518
MA1514.1	37794	0.801948102730791	0.0461744516813105
MA1515.1	37794	0.913603250577655	0.0529925411729744
MA1516.1	37794	0.864973396790649	0.054947310786281
MA1517.1	37794	0.899255504424489	0.0513040204091446
MA1519.1	37794	0.877425906411731	0.0677178837425702
MA1520.1	37794	0.773687160092046	0.036697840357965
MA1521.1	37794	0.782251332457841	0.0370273067773097
MA1522.1	37794	0.89906476920718	0.0673724450087032
MA1523.1	37794	0.875827257483352	0.0403642958213611
MA1527.1	37794	0.768493755379727	0.0470585728434573
MA1528.1	37794	0.779548746291642	0.0453759972081671
MA1529.1	37794	0.754098723029854	0.0444673317054371
MA1530.1	37794	0.893118516260659	0.0518462004081878
MA1531.1	37794	0.798350463703252	0.0388957477287004
MA1533.1	37794	0.803900919537067	0.0315858261082413
MA1534.1	37794	0.876307924881778	0.046737704768242
MA1535.1	37794	0.943300514546391	0.0481739089578518
MA1536.1	37794	0.969172654553212	0.0271050547841913
MA1537.1	37794	0.776910604757074	0.040092802074325
MA1538.1	37794	0.758926991748959	0.0404180579177284
MA1539.1	37794	0.745235785347693	0.0413946002694918
MA1541.1	37794	0.775106059949626	0.0389253120010808
MA1542.1	37794	0.858424498547619	0.0416649336797028
MA1544.1	37794	0.776780332442895	0.0452626667560697
MA1545.1	37794	0.811976364528814	0.0432676184945138
MA1546.1	37794	0.771682746277112	0.0337710648483813
MA1548.1	37794	0.868600717389448	0.0621474394178136
MA1549.1	37794	0.871248130158824	0.0498109551206019
MA1550.1	37794	0.777271490583905	0.0389333137829848
MA1552.1	37794	0.777388885602762	0.0374515643778414
MA1553.1	37794	0.766408709293397	0.0385775332324065
MA1554.1	37794	0.902795852035962	0.0333031578699313
MA1555.1	37794	0.786973788240398	0.0389342912511604
MA1556.1	37794	0.783114271290803	0.0407841633056617
MA1557.1	37794	0.806917628652747	0.0419706159891832
MA1558.1	37794	0.905752115295743	0.0503924906069804
MA1559.1	37794	0.866810889126776	0.0494023064984043
MA1560.1	37794	0.826308795232494	0.053652110750272
MA1561.1	37794	0.795318453472429	0.043463387716149
MA1562.1	37794	0.811662115202514	0.0470603517687231
MA1564.1	37794	0.881203833508636	0.0569386071826757
MA1565.1	37794	0.84383724807053	0.0406571795102161
MA1568.1	37794	0.833611647273666	0.0362617519667659
MA1569.1	37794	0.896067539716929	0.0548921977985307
MA1570.1	37794	0.890235286860152	0.0393061789789171
MA1571.1	37794	0.777310381616706	0.0428891819976502
MA1572.1	37794	0.783830922390374	0.0420969072650727
MA1574.1	37794	0.819053559711555	0.0350895562603738
MA1575.1	37794	0.75893122702827	0.0393751851073847
MA1576.1	37794	0.759444193606201	0.0347597617808985
MA1577.1	37794	0.898622048467726	0.0705213130876508
MA1578.1	37794	0.889137769671792	0.0541926374258059
MA1579.1	37794	0.860684817352188	0.0499413395920537
MA1580.1	37794	0.819215622605062	0.0553575192571696
MA1581.1	37794	0.855169217320971	0.0494279131494418
MA1583.1	37794	0.842352625452122	0.0481957945839372
MA1584.1	37794	0.788155788759477	0.044688220034478
MA1585.1	37794	0.821837795990646	0.0501478452772558
MA1587.1	37794	0.822840961960539	0.0631193293555866
MA1588.1	37794	0.758756013749684	0.0400709531674754
MA1589.1	37794	0.709995041737773	0.0366298239704438
MA1592.1	37794	0.799280811361375	0.0370651840839067
MA1593.1	37794	0.826789186146468	0.0458724169153866
MA1594.1	37794	0.701214865918395	0.0307859897295184
MA1596.1	37794	0.820722243415073	0.085734747138473
MA1597.1	37794	0.728482074085539	0.0395212807476315
MA1599.1	37794	0.785043683305905	0.0493504178141593
MA1600.1	37794	0.746138596167416	0.0350062335711053
MA1602.1	37794	0.807601746576281	0.0415018333999703
MA1603.1	37794	0.795841911526342	0.0491261357678238
MA1604.1	37794	0.82515502053384	0.0514351206467915
MA1606.1	37794	0.859893333729462	0.0616234805619251
MA1607.1	37794	0.82028405534225	0.0569482681663417
MA1608.1	37794	0.855452643146606	0.0526022133530775
MA1615.1	37794	0.84841362207821	0.0557092518561747
MA1616.1	37794	0.801300407776868	0.0418144873421224
MA1618.1	37794	0.851446270199459	0.0482864737590499
MA1619.1	37794	0.857550331617534	0.0525854666410919
MA1620.1	37794	0.867374883592427	0.0504926274148893
MA1621.1	37794	0.863800782378013	0.0492297636695438
MA1623.1	37794	0.833727916858834	0.0556186511143937
MA1624.1	37794	0.838694724419914	0.0512599852644067
MA1625.1	37794	0.824236527515694	0.0526383889807422
MA1627.1	37794	0.848219838364521	0.0556824005521155
MA1628.1	37794	0.891129054556762	0.051072242967506
MA1629.1	37794	0.827560140756783	0.0470811350968386
MA1100.2	37794	0.898644460880568	0.0435613404980559
MA0605.2	37794	0.767413970742781	0.0565976555388768
MA0462.2	37794	0.828341700070033	0.0547606643271154
MA0463.2	37794	0.76529498608979	0.0397909893817446
MA0864.2	37794	0.776134823113866	0.0425776267292457
MA0469.3	37794	0.718623389475331	0.0393809122236319
MA0470.2	37794	0.768032110562332	0.0422200149728442
MA0612.2	37794	0.879713791706292	0.0610719660420641
MA0766.2	37794	0.880996611644639	0.0511576579218659
MA0038.2	37794	0.827289004118392	0.044480661258492
MA0893.2	37794	0.926037929022854	0.0441468444367746
MA1099.2	37794	0.87309485883496	0.0591664829982364
MA0616.2	37794	0.830778932505623	0.0586799427351215
MA0900.2	37794	0.880614216366957	0.0656831499179945
MA0158.2	37794	0.90097802559994	0.0508777135988384
MA0594.2	37794	0.886857328779547	0.0400078429551548
MA0902.2	37794	0.913962284592662	0.0518232092467714
MA0904.2	37794	0.893196742498336	0.0531744739829608
MA0485.2	37794	0.817463081087416	0.0523493571948498
MA0912.2	37794	0.860343615263398	0.0576751372597909
MA0910.2	37794	0.902764892301297	0.0529013156066943
MA0913.2	37794	0.858342574518	0.0570956255941632
MA1140.2	37794	0.747015229636571	0.0530304923202117
MA0701.2	37794	0.874543778448234	0.0618478410645551
MA0702.2	37794	0.851743565580501	0.0727382131724501
MA0703.2	37794	0.805995212966179	0.0770394716063161
MA0623.2	37794	0.82581412729913	0.0484374687343506
MA0842.2	37794	0.809141666234692	0.0434786080528468
MA0682.2	37794	0.897029070652461	0.063725559310321
MA0075.3	37794	0.864970055633879	0.0708615217770687
MA0867.2	37794	0.898323000262514	0.0469612344478194
MA0868.2	37794	0.865381306331445	0.0482754063557962
MA0746.2	37794	0.868397160995538	0.0574310538332256
MA0632.2	37794	0.853048066495922	0.0600235642546065
MA0871.2	37794	0.822446584930022	0.0542001242641485
MA0753.2	37794	0.822874494189241	0.0570709242122789
MA0122.3	37794	0.816177377316092	0.053264059502724
MA1707.1	37794	0.832084502639859	0.0493483367138134
MA1708.1	37794	0.879595946511065	0.040273669554105
MA1709.1	37794	0.80516247406398	0.0481794136585628
MA1710.1	37794	0.905684105075528	0.0418435621489394
MA1711.1	37794	0.764264679011732	0.0414084473175759
MA1712.1	37794	0.80749024957062	0.0502462825918872
MA1713.1	37794	0.817589285933497	0.0697360966859472
MA1714.1	37794	0.763080032582912	0.0327016494868867
MA1715.1	37794	0.751299410940335	0.0402533666233668
MA1716.1	37794	0.756913148619073	0.0382264300926528
MA1717.1	37794	0.816510673386837	0.0436097964141524
MA1718.1	37794	0.687933808567646	0.0437773416870118
MA1719.1	37794	0.763531626776237	0.0430147827390522
MA1720.1	37794	0.784360772954507	0.0427738188238539
MA1721.1	37794	0.791587171643908	0.0678157784843976
MA1722.1	37794	0.725984991443309	0.0340772840446196
MA1723.1	37794	0.82444699976475	0.0403551138521089
MA1724.1	37794	0.81516430484573	0.0442820988914013
MA1631.1	37794	0.86516351118651	0.0497399859227186
MA1632.1	37794	0.817229792360341	0.0547753947122887
MA1634.1	37794	0.830120063178375	0.0550317853206629
MA1635.1	37794	0.886266492803203	0.0655301677895637
MA1636.1	37794	0.798066750946931	0.0493612361006614
MA1637.1	37794	0.825147526932483	0.0532127912526236
MA1638.1	37794	0.896399140148948	0.0600362485572426
MA1639.1	37794	0.820810345889876	0.0539479925848539
MA1640.1	37794	0.796163227120531	0.0553477007853007
MA1641.1	37794	0.847847735527107	0.0520069049278918
MA1642.1	37794	0.862141098292573	0.0467411952132966
MA1643.1	37794	0.735871391411305	0.0436399490692738
MA1644.1	37794	0.845155896464477	0.056014266250113
MA1645.1	37794	0.843044517106321	0.043274845974977
MA1646.1	37794	0.865391746648161	0.0467126370985833
MA1648.1	37794	0.895108906579891	0.0509076287127715
MA1649.1	37794	0.87038965476069	0.047874679706807
MA1650.1	37794	0.835844408902867	0.0669649739514009
MA1651.1	37794	0.757247637226924	0.047365743424349
MA1652.1	37794	0.845589832341777	0.046870510851175
MA1653.1	37794	0.870156633972528	0.068627317195507
MA1654.1	37794	0.717687244268947	0.0332257079234781
MA1655.1	37794	0.848471858462549	0.0459461928191042
MA1656.1	37794	0.823298985865569	0.044969761749549
MA1657.1	37794	0.806249881792824	0.0545618445881591
MA1683.1	37794	0.859022815529692	0.0589861687742725
MA1725.1	37794	0.830478558546651	0.0442758825021733
MA1726.1	37794	0.807597374003528	0.0471971888903689
MA1727.1	37794	0.815459206006127	0.050000386754331
MA1728.1	37794	0.859165652334338	0.0488970911589645
MA1729.1	37794	0.787544333767799	0.0412521500387446
MA1730.1	37794	0.8078965470921	0.0418110262000865
MA1731.1	37794	0.818221128383959	0.0409351576075205
MA0833.2	37794	0.79939345360196	0.0500153435019894
MA0835.2	37794	0.827683492353359	0.0536416558805652
MA0465.2	37794	0.8314650372841	0.0584155864403111
MA0102.4	37794	0.801844098577761	0.0498950820077561
MA0836.2	37794	0.815004335037281	0.0496689808797888
MA0018.4	37794	0.825174795951527	0.058254440997407
MA1102.2	37794	0.857312340526898	0.0608305057495529
MA0471.2	37794	0.869843008969601	0.0503301440021413
MA0154.4	37794	0.805591829966052	0.049395720079662
MA0162.4	37794	0.8284456301925	0.062528324080407
MA0598.3	37794	0.827753749329823	0.0450107267751647
MA0473.3	37794	0.830892008692176	0.0464202877210494
MA0640.2	37794	0.844154402862944	0.0442979754047718
MA0592.3	37794	0.810631698462394	0.0525431602062472
MA0761.2	37794	0.838511649249138	0.045470773239876
MA0477.2	37794	0.819982650104935	0.0543853232433818
MA0148.4	37794	0.831502489614438	0.0571940414771152
MA0047.3	37794	0.85602537352892	0.0588648379422721
MA1103.2	37794	0.856849399354149	0.0588395526342009
MA0481.3	37794	0.862838839117372	0.0593371153121342
MA0062.3	37794	0.830510366871158	0.0456158076606894
MA0035.4	37794	0.848877088495974	0.0517343503807941
MA0482.2	37794	0.84023863793416	0.0497988542099239
MA1104.2	37794	0.820744041884335	0.0533342189000611
MA1105.2	37794	0.817317828417001	0.0494785819042569
MA0043.3	37794	0.810794832622683	0.0548083634422221
MA0114.4	37794	0.81484896305728	0.0470435124857058
MA0484.2	37794	0.819157266693895	0.0463884453101015
MA0901.2	37794	0.819613596876761	0.0620024844809831
MA0490.2	37794	0.806228351868439	0.0558226560892641
MA0491.2	37794	0.809380906092697	0.0553006919794082
MA0039.4	37794	0.900007203533147	0.0605129595857865
MA1107.2	37794	0.815190204134008	0.0518145434997445
MA0700.2	37794	0.848246706979127	0.0627138810220613
MA0495.3	37794	0.779399647604792	0.0466655745286381
MA0496.3	37794	0.78109315510613	0.051677873058463
MA0052.4	37794	0.823896462207824	0.0693339028175191
MA0620.3	37794	0.781815019583712	0.0474916607924801
MA1108.2	37794	0.898625660202617	0.0606567428159934
MA0499.2	37794	0.852547936302384	0.045578161863684
MA0500.2	37794	0.856090249066589	0.058296885272803
MA0056.2	37794	0.847692315141149	0.0454325378283788
MA0089.2	37794	0.76639588907342	0.0440236961950454
MA0025.2	37794	0.8134729874067	0.0588938548774501
MA0502.2	37794	0.826761144856933	0.0511908006445567
MA0063.2	37794	0.869809524590042	0.0474152275322819
MA1112.2	37794	0.855654581996528	0.0503847961818304
MA0679.2	37794	0.771327648909348	0.0678999370531562
MA0712.2	37794	0.868607113933316	0.0552923322208895
MA1113.2	37794	0.810412353614395	0.0592701262444166
MA0681.2	37794	0.762739247028323	0.0734055026738868
MA0782.2	37794	0.801233037981431	0.0493782154713187
MA0627.2	37794	0.816183524614121	0.0613508096826866
MA0508.3	37794	0.881969354261293	0.0513696879671991
MA0684.2	37794	0.860877989823439	0.0497105725270231
MA0743.2	37794	0.788594250115412	0.0428965413829596
MA0744.2	37794	0.791036869266331	0.0423351239249861
MA0745.2	37794	0.849445371781273	0.0523532437456423
MA0143.4	37794	0.86089977429459	0.0522145840248905
MA0081.2	37794	0.802191913798236	0.0420875337340588
MA0829.2	37794	0.805605848491467	0.0540763966358634
MA0522.3	37794	0.895422757679199	0.0507149580134669
MA0830.2	37794	0.863995239073238	0.050056202363076
MA0769.2	37794	0.863705591428414	0.0539773716335734
MA0090.3	37794	0.827853020820614	0.0476092029633631
MA0809.2	37794	0.846111544050947	0.0478236304174389
MA0003.4	37794	0.845120789226391	0.050839816566155
MA0814.2	37794	0.8489437649038	0.0519589629431217
MA1123.2	37794	0.84873797236075	0.0466769010837353
MA0093.3	37794	0.80119217192848	0.0475059177768642
MA0748.2	37794	0.841455783767212	0.0550995628718552
MA0528.2	37794	0.879353626360523	0.0567780928407214
MA0609.2	37794	0.752760219598277	0.053126391501176
MA1684.1	37794	0.978116345520154	0.0394704663896724
MA1928.1	37794	0.839647723188863	0.0536321943245543
MA1929.1	37794	0.700684832424749	0.0363577739145989
MA1930.1	37794	0.693571244955527	0.0348375609286945
MA1931.1	37794	0.754419329472203	0.0410728520675497
MA1932.1	37794	0.748705742892482	0.0363692669536805
MA1933.1	37794	0.759880734750322	0.0389147404164872
MA1934.1	37794	0.797977895776502	0.0409518725895772
MA1935.1	37794	0.844372426661442	0.0348220396932618
MA1936.1	37794	0.854752593901913	0.0334286918168603
MA1937.1	37794	0.814439317030588	0.0363403041589011
MA1938.1	37794	0.775423408661939	0.0368019275010475
MA1939.1	37794	0.754477799228541	0.0341164063365581
MA1940.1	37794	0.78647700080226	0.0401594469330352
MA1941.1	37794	0.782679735703011	0.0396727348567558
MA1942.1	37794	0.812769214418651	0.0380285552252533
MA1943.1	37794	0.788192453899588	0.037708830692684
MA1944.1	37794	0.799409945886053	0.0366918670111998
MA1945.1	37794	0.795228094974958	0.0414617043447123
MA1946.1	37794	0.82950426632911	0.035403202729551
MA1947.1	37794	0.849573390979365	0.0360512505138182
MA1948.1	37794	0.803258745660869	0.0347902595403636
MA1949.1	37794	0.768765661896696	0.0360682647732383
MA1950.1	37794	0.818204595418682	0.0420094254258634
MA1951.1	37794	0.747291243605498	0.0489447151396903
MA1952.1	37794	0.831691209557768	0.0391070553265096
MA1953.1	37794	0.822830630911369	0.0398697244690211
MA1954.1	37794	0.818518605788641	0.0423050204855259
MA1955.1	37794	0.813018568417455	0.0420096681107142
MA1956.1	37794	0.802270666675734	0.0408167316091365
MA1957.1	37794	0.766860525840823	0.03960996520797
MA1958.1	37794	0.746218032595497	0.0382661800088127
MA1959.1	37794	0.932094335949535	0.0637044299760032
MA1960.1	37794	0.814868466009995	0.0450881518281992
MA1961.1	37794	0.901471657885448	0.0677010322223202
MA1962.1	37794	0.762251291903034	0.0480203462334038
MA1963.1	37794	0.820556670080092	0.0651051842984221
MA1964.1	37794	0.905072150233742	0.057084435451197
MA1965.1	37794	0.939130875500151	0.0548239440280927
MA1966.1	37794	0.803362003970872	0.0400426544984205
MA1967.1	37794	0.748010488047523	0.0414922889720509
MA1968.1	37794	0.830476935948758	0.042790018493511
MA1969.1	37794	0.74314488696031	0.0389910458300784
MA1970.1	37794	0.831744964153188	0.0552221354127215
MA1971.1	37794	0.835369889499108	0.0422885889935406
MA1972.1	37794	0.84834338176731	0.0381082701027145
MA1973.1	37794	0.757218942449011	0.0398501597896065
MA1974.1	37794	0.763953301866471	0.0560224416245639
MA1975.1	37794	0.795010165325048	0.0365666612614166
MA1976.1	37794	0.766700639932906	0.0413800796129864
MA1977.1	37794	0.779036425652941	0.0334227881864537
MA1978.1	37794	0.777395539421443	0.0492517949784511
MA1979.1	37794	0.841154852969487	0.0437047490397241
MA1980.1	37794	0.796921255892347	0.0361871969272028
MA1981.1	37794	0.814756140815344	0.0488870560223072
MA1982.1	37794	0.809291842106613	0.0425917396812083
MA1983.1	37794	0.687641412771227	0.0354725338967534
MA1984.1	37794	0.825678594906952	0.0375462148335692
MA1985.1	37794	0.768675139623947	0.0427112751033739
MA1986.1	37794	0.882873500266579	0.0611053760732154
MA1987.1	37794	0.805412252671013	0.0348852403609653
MA1988.1	37794	0.854257183241267	0.0538931932811253
MA1989.1	37794	0.813250810310987	0.0501252355556843
MA1990.1	37794	0.816214438730582	0.043962523943161
MA1991.1	37794	0.828492234066458	0.0428296591044335
MA1992.1	37794	0.830859297710192	0.0435320307089709
MA1993.1	37794	0.89715303322149	0.0621903218863925
MA1994.1	37794	0.842510241105187	0.0527612440060585
MA1995.1	37794	0.841457008372194	0.0471823206786647
MA1996.1	37794	0.896399665921035	0.0619594502795373
MA1997.1	37794	0.898515769545184	0.0639456965528044
MA1998.1	37794	0.82459911743767	0.0439878117152087
MA1999.1	37794	0.793316405296193	0.0397478358692849
MA2001.1	37794	0.84636181426787	0.0483375176722382
MA2002.1	37794	0.899657993029972	0.0419592027753644
MA2003.1	37794	0.907263656525452	0.0344797370676928
MA0037.4	37794	0.843293477244111	0.0523934610161865
MA0041.2	37794	0.818481760809162	0.0569026305876391
MA0050.3	37794	0.797426740337429	0.0504793764860869
MA0067.2	37794	0.786110822838024	0.0321228976162272
MA0078.2	37794	0.818451890043871	0.0476512234408253
MA0079.5	37794	0.916744206793549	0.0727702202957207
MA0080.6	37794	0.791329695691748	0.0437446580675622
MA0087.2	37794	0.834728867690006	0.0440255944193244
MA0095.3	37794	0.845759647508171	0.0534342492627398
MA0136.3	37794	0.869926093233867	0.0452538930043754
MA0152.2	37794	0.823228675897241	0.0514131722640258
MA0156.3	37794	0.818287815762076	0.0502978067339315
MA0157.3	37794	0.861947506373662	0.0549385722833352
MA0160.2	37794	0.872925052103027	0.0443266327951513
MA0466.3	37794	0.760875063392026	0.0445920635773152
MA0467.2	37794	0.887596320273922	0.0677989239938245
MA0474.3	37794	0.840201845512783	0.0438345941299448
MA0480.2	37794	0.870571266633664	0.0540555272607478
MA0489.2	37794	0.841375185607267	0.0547669190898799
MA0493.2	37794	0.944250301067569	0.0605532788165547
MA0505.2	37794	0.805198374088002	0.0477190203978256
MA0506.2	37794	0.789805821179105	0.0701910751498731
MA0507.2	37794	0.765738735381019	0.0602380105715347
MA0509.3	37794	0.722483678908007	0.0476928344879915
MA0514.2	37794	0.872724001173256	0.0520210819577556
MA0516.3	37794	0.924598415840257	0.0643221244513864
MA0521.2	37794	0.872086841651307	0.0588821131103423
MA0526.4	37794	0.78282023018207	0.0534805761224873
MA0606.2	37794	0.851274050571013	0.0504886670984279
MA0607.2	37794	0.802968251742951	0.0473422786535432
MA0611.2	37794	0.767797472464631	0.0561750632283812
MA0624.2	37794	0.871666397627464	0.0543612748459568
MA0625.2	37794	0.938903242539453	0.0346985789461467
MA0633.2	37794	0.900862961909886	0.0673469426369675
MA0642.2	37794	0.904781220398036	0.0527892898789838
MA0644.2	37794	0.89323516939205	0.0593416243270883
MA0650.3	37794	0.849027729576972	0.0554981284092332
MA0651.2	37794	0.77043986005513	0.0474958048546745
MA0659.3	37794	0.766644579727423	0.045245365663406
MA0666.2	37794	0.892257224760932	0.0608282949318346
MA0668.2	37794	0.83762708455746	0.0430109373136803
MA0680.2	37794	0.764687596815019	0.0689699573433678
MA0685.2	37794	0.927520290437919	0.06554240679045
MA0690.2	37794	0.816265730962058	0.0425455200569118
MA0693.3	37794	0.876167244939181	0.0532027421143662
MA0697.2	37794	0.840436214739978	0.0504899771774959
MA0707.2	37794	0.92378366141843	0.0565653455144457
MA0708.2	37794	0.896778215299573	0.0581167767321574
MA0723.2	37794	0.933427884079103	0.0406697914281565
MA0734.3	37794	0.830813026621435	0.0441041216541765
MA0740.2	37794	0.929585322003662	0.0616363038463173
MA0742.2	37794	0.912233679488003	0.0709492694126041
MA0754.2	37794	0.798399659214783	0.0536334247975199
MA0756.2	37794	0.821862167725483	0.050471464136575
MA0759.2	37794	0.825159282227366	0.0548205838058031
MA0764.3	37794	0.850399047968186	0.0506014250510591
MA0765.3	37794	0.824508746477838	0.0538029331399453
MA0768.2	37794	0.812018600043875	0.0470304572234662
MA0784.2	37794	0.750847135494068	0.056579851941713
MA0798.3	37794	0.724465521849976	0.0467327097482405
MA0799.2	37794	0.730103702319026	0.044637990688272
MA0818.2	37794	0.819739801279071	0.0482951173062013
MA0819.2	37794	0.867072231856553	0.045965092795179
MA0821.2	37794	0.840697712618325	0.0504208641385902
MA0828.2	37794	0.756580285210389	0.0500054474833203
MA0831.3	37794	0.79100985523448	0.0536242103295032
MA0837.2	37794	0.7651957663726	0.0445079859648445
MA0847.3	37794	0.847604680718892	0.0516586079765417
MA0865.2	37794	0.820371332129824	0.0418352205346857
MA0869.2	37794	0.86192551475677	0.0438866510068901
MA0877.3	37794	0.865257197969483	0.0510947140755783
MA0878.3	37794	0.839334673742519	0.0545965224436795
MA0879.2	37794	0.922269789938659	0.0488667765964573
MA0884.2	37794	0.799339956838664	0.0562217243760359
MA0885.2	37794	0.827480242715096	0.0523806638220797
MA0909.3	37794	0.862742745156146	0.0674538804231646
MA1110.2	37794	0.915620775971274	0.0605348490317857
MA1467.2	37794	0.870447214062062	0.0499081716557866
MA1472.2	37794	0.851920099487904	0.0494353160818497
MA1476.2	37794	0.829469402914747	0.053273171381287
MA1483.2	37794	0.83392670557322	0.042819443958636
MA1487.2	37794	0.836456012837444	0.0529912576587646
MA1491.2	37794	0.748874353881612	0.0386180519553384
MA1498.2	37794	0.919422769944782	0.0465856405556737
MA1511.2	37794	0.919811460321975	0.0666890562681456
MA1518.2	37794	0.750918687168027	0.0482417097560342
MA1524.2	37794	0.810652075622179	0.0421247063815516
MA1525.2	37794	0.886801891433031	0.0504115150935055
MA1532.2	37794	0.772352672396123	0.0376797899106092
MA1547.2	37794	0.884867206986019	0.0581881546945584
MA1563.2	37794	0.934589695589285	0.0440596278684774
MA1566.2	37794	0.837418041380572	0.0439278393698429
MA1567.2	37794	0.844818743075384	0.0436778622137171
MA1573.2	37794	0.761032921957464	0.0545685797815568
MA1601.2	37794	0.804908980622151	0.0408020614080676
MA1630.2	37794	0.883046318518613	0.0667432152907081
MA1633.2	37794	0.828033424907129	0.053554227755379
MA1647.2	37794	0.786119402464995	0.0406501608914299
MA0597.2	37794	0.866633275123314	0.0521192089793794
MA1540.2	37794	0.768335622303421	0.0482318041842338
